hyb,ch,x,y,z,int
0,1,1268.0,1279.0,0.0,1607
0,1,1213.0,1276.0,4.0,1083
0,1,1252.0,1260.0,4.0,1108
0,1,1245.0,1253.0,2.0,1066
0,1,1244.0,1261.0,2.0,1123
0,1,1245.0,1266.0,4.0,944
0,1,1220.0,1285.0,0.0,941
0,1,1262.0,1267.0,0.0,809
0,1,1230.0,1265.0,1.0,795
0,1,1247.0,1263.0,2.0,865
0,1,1248.0,1306.0,4.0,755
0,1,1212.0,1303.0,4.0,687
0,1,1254.0,1281.0,6.0,686
0,1,1245.0,1246.0,2.0,735
0,1,1250.0,1277.0,2.0,659
0,1,1212.0,1285.0,2.0,622
0,1,1249.0,1297.0,0.0,613
0,1,1257.0,1280.0,2.0,651
0,1,1220.0,1257.0,5.0,666
0,1,1228.0,1311.0,5.0,629
0,1,1227.0,1262.0,6.0,650
0,1,1261.0,1270.0,2.0,604
0,1,1237.0,1259.0,3.0,593
0,1,1262.0,1263.0,3.0,627
0,1,1272.0,1279.0,6.0,602
1,1,1253.8010000000004,1259.017,5.0,1487
1,1,1262.8010000000004,1278.017,3.0,1234
1,1,1261.8010000000004,1272.017,0.0,1006
1,1,1257.8010000000004,1269.017,5.0,1056
1,1,1216.8010000000004,1312.017,2.0,908
1,1,1209.8010000000004,1276.017,1.0,979
1,1,1230.8010000000004,1256.017,1.0,973
1,1,1234.8010000000004,1265.017,3.0,904
1,1,1256.8010000000004,1292.017,0.0,911
1,1,1269.8010000000004,1281.017,0.0,854
1,1,1239.8010000000004,1305.017,5.0,870
1,1,1220.8010000000004,1295.017,4.0,756
1,1,1265.8010000000004,1285.017,3.0,738
1,1,1217.8010000000004,1278.017,0.0,733
1,1,1247.8010000000004,1253.017,3.0,702
1,1,1261.8010000000004,1267.017,0.0,731
1,1,1259.8010000000004,1285.017,6.0,657
1,1,1220.8010000000004,1266.017,5.0,639
1,1,1247.8010000000004,1266.017,3.0,681
1,1,1269.8010000000004,1283.017,4.0,618
1,1,1254.8010000000004,1286.017,6.0,626
1,1,1254.8010000000004,1286.017,2.0,634
1,1,1254.8010000000004,1295.017,4.0,615
1,1,1245.8010000000004,1263.017,0.0,732
1,1,1209.8010000000004,1291.017,1.0,592
1,1,1224.8010000000004,1258.017,2.0,595
1,1,1252.8010000000004,1268.017,5.0,592
1,1,1270.8010000000004,1279.017,5.0,581
1,1,1252.8010000000004,1260.017,1.0,582
1,1,1237.8010000000004,1270.017,2.0,585
1,1,1248.8010000000004,1268.017,6.0,579
1,1,1258.8010000000004,1282.017,3.0,589
1,1,1252.8010000000004,1255.017,6.0,608
2,1,1219.203,1316.32,0.0,1168
2,1,1247.203,1288.32,0.0,1114
2,1,1234.203,1255.32,0.0,853
2,1,1244.203,1303.32,0.0,888
2,1,1209.203,1268.32,0.0,835
2,1,1263.203,1267.32,0.0,877
2,1,1224.203,1258.32,6.0,818
2,1,1223.203,1312.32,2.0,871
2,1,1245.203,1295.32,0.0,851
2,1,1216.203,1299.32,2.0,800
2,1,1273.203,1276.32,0.0,788
2,1,1267.203,1272.32,3.0,768
2,1,1240.203,1291.32,3.0,761
2,1,1227.203,1311.32,3.0,746
2,1,1229.203,1308.32,6.0,724
2,1,1214.203,1285.32,6.0,647
2,1,1222.203,1306.32,3.0,634
2,1,1266.203,1279.32,0.0,712
2,1,1251.203,1284.32,0.0,702
2,1,1211.203,1288.32,4.0,649
2,1,1240.203,1250.32,0.0,638
2,1,1266.203,1274.32,0.0,725
2,1,1249.203,1258.32,6.0,576
2,1,1254.203,1255.32,5.0,582
2,1,1247.203,1266.32,0.0,571
2,1,1225.203,1263.32,3.0,673
2,1,1219.203,1309.32,0.0,658
2,1,1219.203,1262.32,6.0,569
2,1,1251.203,1271.32,4.0,553
2,1,1255.203,1284.32,1.0,614
2,1,1248.203,1301.32,0.0,561
2,1,1263.203,1281.32,0.0,580
2,1,1222.203,1261.32,3.0,596
2,1,1230.203,1263.32,4.0,589
2,1,1259.203,1284.32,2.0,554
2,1,1245.203,1248.32,6.0,558
2,1,1252.203,1283.32,3.0,549
2,1,1252.203,1293.32,0.0,596
2,1,1240.203,1305.32,1.0,584
3,1,1261.194,1267.903,0.0,2222
3,1,1271.194,1275.903,2.0,2350
3,1,1267.194,1284.903,3.0,1350
3,1,1253.194,1274.903,1.0,1135
3,1,1265.194,1279.903,2.0,1111
3,1,1252.194,1269.903,0.0,1170
3,1,1211.194,1276.903,6.0,962
3,1,1222.194,1316.9029999999998,1.0,1041
3,1,1244.194,1282.903,0.0,896
3,1,1246.194,1263.903,1.0,1039
3,1,1241.194,1249.903,6.0,964
3,1,1212.194,1271.903,3.0,857
3,1,1237.194,1255.903,2.0,1008
3,1,1262.194,1279.903,6.0,862
3,1,1230.194,1301.903,6.0,786
3,1,1243.194,1254.903,4.0,906
3,1,1253.194,1285.903,3.0,815
3,1,1253.194,1292.903,0.0,836
3,1,1248.194,1271.903,0.0,830
3,1,1226.194,1263.903,0.0,821
3,1,1231.194,1258.903,2.0,813
3,1,1206.194,1273.903,0.0,728
3,1,1236.194,1268.903,4.0,712
3,1,1233.194,1291.903,4.0,679
3,1,1245.194,1246.903,0.0,739
3,1,1256.194,1278.903,2.0,869
3,1,1246.194,1276.903,0.0,711
3,1,1251.194,1250.903,4.0,739
3,1,1242.194,1262.903,5.0,794
3,1,1220.194,1285.903,0.0,735
3,1,1231.194,1297.903,0.0,746
3,1,1242.194,1273.903,2.0,707
3,1,1258.194,1276.903,5.0,777
3,1,1256.194,1256.903,0.0,722
3,1,1235.194,1267.903,0.0,714
3,1,1226.194,1273.903,2.0,650
3,1,1242.194,1265.903,3.0,713
3,1,1235.194,1257.903,3.0,785
3,1,1233.194,1258.903,6.0,691
3,1,1252.194,1303.903,1.0,658
3,1,1257.194,1257.903,4.0,701
3,1,1221.194,1265.903,5.0,650
3,1,1228.194,1260.903,2.0,694
3,1,1223.194,1259.903,5.0,668
3,1,1259.194,1277.903,1.0,679
3,1,1240.194,1262.903,0.0,649
3,1,1253.194,1255.903,0.0,714
3,1,1253.194,1255.903,4.0,690
4,1,1217.902,1278.03,1.0,992
4,1,1244.902,1301.03,0.0,947
4,1,1254.902,1259.03,0.0,852
4,1,1258.902,1275.03,5.0,946
4,1,1239.902,1256.03,0.0,766
4,1,1262.902,1268.03,5.0,737
4,1,1256.902,1278.03,6.0,743
4,1,1256.902,1296.03,0.0,616
4,1,1243.902,1316.03,3.0,589
4,1,1225.902,1266.03,2.0,641
4,1,1251.902,1294.03,0.0,747
4,1,1262.902,1268.03,0.0,572
4,1,1267.902,1280.03,6.0,625
4,1,1272.902,1275.03,3.0,630
4,1,1243.902,1262.03,0.0,567
4,1,1245.902,1260.03,4.0,568
4,1,1266.902,1271.03,2.0,547
4,1,1262.902,1274.03,3.0,555
4,1,1235.902,1260.03,2.0,547
4,1,1236.902,1265.03,2.0,546
4,1,1238.902,1253.03,3.0,601
4,1,1271.902,1273.03,6.0,569
4,1,1236.902,1269.03,5.0,553
4,1,1252.902,1256.03,4.0,546
5,1,1262.481,1276.119,1.0,2513
5,1,1211.481,1299.119,0.0,1988
5,1,1250.481,1303.119,0.0,1654
5,1,1234.481,1264.119,0.0,1511
5,1,1227.481,1252.119,0.0,1591
5,1,1211.481,1295.119,0.0,1404
5,1,1257.481,1282.119,0.0,1361
5,1,1237.481,1255.119,0.0,1162
5,1,1207.481,1271.119,0.0,1217
5,1,1223.481,1309.119,4.0,1075
5,1,1246.481,1295.119,6.0,1054
5,1,1249.481,1254.119,2.0,1062
5,1,1238.481,1278.119,0.0,896
5,1,1267.481,1284.119,5.0,1011
5,1,1256.481,1257.119,6.0,872
5,1,1260.481,1275.119,6.0,927
5,1,1233.481,1268.119,5.0,921
5,1,1227.481,1261.119,4.0,903
5,1,1250.481,1283.119,0.0,895
5,1,1221.481,1280.119,3.0,865
5,1,1212.481,1311.119,0.0,829
5,1,1229.481,1317.119,3.0,716
5,1,1259.481,1280.119,6.0,794
5,1,1237.481,1258.119,4.0,784
5,1,1238.481,1272.119,2.0,803
5,1,1228.481,1260.119,0.0,852
5,1,1244.481,1262.119,3.0,848
5,1,1249.481,1276.119,0.0,708
5,1,1244.481,1312.119,4.0,738
5,1,1259.481,1262.119,2.0,734
5,1,1253.481,1261.119,1.0,732
5,1,1231.481,1274.119,0.0,679
5,1,1255.481,1296.119,1.0,767
5,1,1223.481,1258.119,6.0,730
5,1,1246.481,1265.119,3.0,687
5,1,1240.481,1306.119,4.0,793
5,1,1261.481,1287.119,6.0,755
5,1,1272.481,1273.119,5.0,734
5,1,1262.481,1268.119,0.0,703
5,1,1252.481,1294.119,0.0,764
5,1,1261.481,1281.119,4.0,712
5,1,1266.481,1280.119,0.0,689
5,1,1253.481,1256.119,3.0,722
5,1,1250.481,1287.119,3.0,681
6,1,1232.424,1250.142,0.0,1680
6,1,1265.424,1285.142,3.0,1211
6,1,1247.424,1250.142,1.0,1058
6,1,1208.424,1285.142,0.0,1028
6,1,1228.424,1263.142,2.0,926
6,1,1246.424,1292.142,1.0,849
6,1,1238.424,1255.142,3.0,829
6,1,1256.424,1254.142,0.0,711
6,1,1242.424,1251.142,0.0,771
6,1,1225.424,1312.142,6.0,673
6,1,1212.424,1273.142,5.0,766
6,1,1218.424,1270.142,2.0,638
6,1,1255.424,1257.142,5.0,726
6,1,1213.424,1270.142,6.0,644
6,1,1248.424,1271.142,0.0,624
6,1,1267.424,1274.142,0.0,630
6,1,1211.424,1280.142,5.0,603
6,1,1240.424,1306.142,5.0,597
7,1,1259.526,1263.664,1.0,1361
7,1,1227.526,1268.664,6.0,989
7,1,1219.526,1273.664,5.0,1012
7,1,1268.526,1277.664,1.0,969
7,1,1241.526,1261.664,0.0,856
7,1,1265.526,1284.664,5.0,876
7,1,1224.526,1260.664,1.0,778
7,1,1250.526,1252.664,5.0,837
7,1,1212.526,1267.664,4.0,727
7,1,1259.526,1291.664,3.0,745
7,1,1223.526,1269.664,2.0,790
7,1,1259.526,1281.664,1.0,767
7,1,1241.526,1273.664,6.0,683
7,1,1236.526,1274.664,6.0,694
7,1,1256.526,1284.664,2.0,725
7,1,1264.526,1279.664,4.0,706
7,1,1255.526,1256.664,4.0,680
7,1,1218.526,1277.664,2.0,689
7,1,1206.526,1274.664,6.0,649
7,1,1252.526,1255.664,2.0,707
7,1,1240.526,1266.664,5.0,646
7,1,1241.526,1249.664,0.0,614
7,1,1233.526,1280.664,2.0,615
7,1,1252.526,1294.664,1.0,674
7,1,1257.526,1272.664,4.0,567
7,1,1254.526,1290.664,2.0,629
7,1,1231.526,1253.664,2.0,595
7,1,1217.526,1305.664,0.0,586
7,1,1227.526,1252.664,2.0,571
7,1,1272.526,1281.664,0.0,677
7,1,1266.526,1272.664,4.0,621
7,1,1256.526,1293.664,0.0,604
7,1,1240.526,1306.664,2.0,575
7,1,1263.526,1276.664,1.0,589
7,1,1243.526,1252.664,0.0,567
8,1,1210.88,1299.793,0.0,2008
8,1,1208.88,1284.793,0.0,1349
8,1,1209.88,1271.793,0.0,1303
8,1,1224.88,1283.793,0.0,1165
8,1,1230.88,1267.793,0.0,983
8,1,1272.88,1281.793,6.0,1069
8,1,1256.88,1293.793,0.0,906
8,1,1222.88,1316.793,1.0,890
8,1,1211.88,1267.793,4.0,796
8,1,1245.88,1296.793,0.0,896
8,1,1249.88,1303.793,0.0,820
8,1,1238.88,1272.793,2.0,884
8,1,1223.88,1308.793,4.0,776
8,1,1250.88,1276.793,0.0,924
8,1,1234.88,1265.793,2.0,803
8,1,1253.88,1297.793,0.0,931
8,1,1249.88,1299.793,0.0,829
8,1,1213.88,1310.793,1.0,764
8,1,1248.88,1310.793,2.0,807
8,1,1216.88,1304.793,0.0,735
8,1,1266.88,1274.793,1.0,748
8,1,1249.88,1285.793,0.0,814
8,1,1259.88,1284.793,6.0,712
8,1,1227.88,1270.793,4.0,638
8,1,1218.88,1299.793,0.0,669
8,1,1272.88,1275.793,3.0,719
8,1,1221.88,1312.793,0.0,801
8,1,1263.88,1268.793,0.0,745
8,1,1260.88,1272.793,5.0,753
8,1,1208.88,1267.793,0.0,717
8,1,1222.88,1287.793,0.0,715
8,1,1209.88,1291.793,0.0,690
8,1,1241.88,1293.793,6.0,672
8,1,1248.88,1257.793,6.0,676
8,1,1205.88,1274.793,0.0,692
8,1,1218.88,1312.793,0.0,684
8,1,1244.88,1289.793,0.0,737
8,1,1245.88,1270.793,0.0,648
8,1,1244.88,1282.793,0.0,686
8,1,1241.88,1265.793,0.0,653
8,1,1252.88,1294.793,5.0,732
8,1,1256.88,1257.793,5.0,647
8,1,1238.88,1252.793,0.0,639
8,1,1245.88,1291.793,0.0,679
8,1,1254.88,1280.793,3.0,634
8,1,1242.88,1304.793,5.0,645
8,1,1269.88,1273.793,6.0,637
8,1,1253.88,1256.793,1.0,696
9,1,1262.762,1289.094,6.0,678
9,1,1223.762,1258.094,4.0,738
9,1,1236.762,1260.094,3.0,674
9,1,1245.762,1266.094,4.0,638
9,1,1235.762,1310.094,6.0,574
9,1,1258.762,1283.094,2.0,598
9,1,1267.762,1283.094,4.0,560
9,1,1263.762,1265.094,5.0,616
9,1,1239.762,1255.094,0.0,551
9,1,1246.762,1301.094,0.0,536
9,1,1218.762,1270.094,2.0,547
9,1,1253.762,1260.094,0.0,558
9,1,1263.762,1273.094,2.0,568
9,1,1256.762,1254.094,1.0,579
9,1,1257.762,1289.094,4.0,543
9,1,1235.762,1265.094,2.0,549
9,1,1240.762,1307.094,4.0,553
9,1,1271.762,1273.094,5.0,550
9,1,1253.762,1257.094,4.0,553
10,1,1240.769,1249.126,0.0,1983
10,1,1267.769,1279.126,0.0,2125
10,1,1222.769,1269.126,2.0,1726
10,1,1260.769,1270.126,2.0,1739
10,1,1244.769,1253.126,0.0,1606
10,1,1237.769,1262.126,3.0,1639
10,1,1251.769,1260.126,4.0,1489
10,1,1270.769,1276.126,0.0,1617
10,1,1252.769,1285.126,3.0,1398
10,1,1243.769,1258.126,0.0,1658
10,1,1231.769,1261.126,0.0,1344
10,1,1220.769,1285.126,0.0,1203
10,1,1261.769,1259.126,2.0,1138
10,1,1247.769,1293.126,0.0,1122
10,1,1266.769,1272.126,3.0,1211
10,1,1219.769,1299.126,4.0,1103
10,1,1205.769,1265.126,0.0,976
10,1,1226.769,1252.126,2.0,1204
10,1,1213.769,1278.126,0.0,1021
10,1,1208.769,1271.126,6.0,930
10,1,1211.769,1299.126,1.0,974
10,1,1219.769,1273.126,5.0,1117
10,1,1260.769,1275.126,4.0,952
10,1,1218.769,1285.126,6.0,1041
10,1,1217.769,1282.126,5.0,989
10,1,1247.769,1263.126,2.0,1042
10,1,1228.769,1315.126,6.0,817
10,1,1212.769,1286.126,2.0,851
10,1,1246.769,1259.126,3.0,1107
10,1,1229.769,1258.126,0.0,1088
10,1,1220.769,1277.126,6.0,904
10,1,1246.769,1283.126,0.0,890
10,1,1227.769,1265.126,4.0,964
10,1,1248.769,1272.126,6.0,791
10,1,1247.769,1263.126,0.0,1036
10,1,1254.769,1281.126,6.0,862
10,1,1236.769,1254.126,6.0,829
10,1,1256.769,1253.126,0.0,910
10,1,1220.769,1257.126,6.0,857
10,1,1244.769,1312.126,4.0,726
10,1,1258.769,1292.126,3.0,820
10,1,1210.769,1300.126,6.0,803
10,1,1211.769,1267.126,4.0,837
10,1,1251.769,1253.126,0.0,953
10,1,1236.769,1304.126,5.0,793
10,1,1205.769,1275.126,6.0,754
10,1,1244.769,1274.126,4.0,761
10,1,1214.769,1266.126,6.0,779
10,1,1244.769,1287.126,4.0,724
10,1,1257.769,1283.126,6.0,868
10,1,1228.769,1310.126,5.0,669
10,1,1241.769,1274.126,6.0,696
10,1,1226.769,1262.126,6.0,813
10,1,1250.769,1251.126,5.0,753
10,1,1208.769,1283.126,2.0,705
10,1,1252.769,1273.126,0.0,724
10,1,1249.769,1272.126,0.0,684
10,1,1243.769,1280.126,1.0,742
10,1,1246.769,1265.126,6.0,705
10,1,1233.769,1257.126,3.0,741
10,1,1219.769,1292.126,3.0,704
10,1,1248.769,1278.126,0.0,702
10,1,1234.769,1267.126,0.0,688
11,1,1250.677,1283.266,0.0,1715
11,1,1268.677,1277.266,0.0,1766
11,1,1250.677,1303.266,0.0,1677
11,1,1245.677,1292.266,0.0,1546
11,1,1247.677,1288.266,0.0,1553
11,1,1257.677,1262.266,6.0,1253
11,1,1206.677,1279.266,4.0,999
11,1,1241.677,1265.266,4.0,1042
11,1,1263.677,1279.266,2.0,1207
11,1,1249.677,1275.266,2.0,984
11,1,1240.677,1256.266,2.0,972
11,1,1240.677,1292.266,3.0,916
11,1,1211.677,1277.266,6.0,855
11,1,1220.677,1276.266,0.0,883
11,1,1249.677,1253.266,5.0,944
11,1,1243.677,1303.266,0.0,811
11,1,1222.677,1312.266,3.0,849
11,1,1242.677,1252.266,0.0,833
11,1,1244.677,1262.266,0.0,945
11,1,1233.677,1255.266,0.0,892
11,1,1230.677,1266.266,2.0,951
11,1,1241.677,1250.266,6.0,766
11,1,1233.677,1267.266,1.0,836
11,1,1231.677,1308.266,4.0,770
11,1,1254.677,1307.266,3.0,683
11,1,1211.677,1303.266,4.0,767
11,1,1252.677,1258.266,5.0,843
11,1,1234.677,1267.266,5.0,851
11,1,1211.677,1288.266,4.0,732
11,1,1258.677,1283.266,6.0,656
11,1,1226.677,1268.266,6.0,722
11,1,1230.677,1256.266,1.0,719
11,1,1230.677,1313.266,5.0,724
11,1,1237.677,1298.266,5.0,626
11,1,1258.677,1275.266,5.0,657
11,1,1252.677,1295.266,0.0,711
11,1,1226.677,1280.266,1.0,630
11,1,1226.677,1314.266,6.0,651
11,1,1268.677,1284.266,6.0,604
11,1,1246.677,1255.266,0.0,631
11,1,1252.677,1289.266,3.0,637
11,1,1229.677,1264.266,6.0,680
11,1,1238.677,1262.266,0.0,614
11,1,1257.677,1283.266,0.0,691
11,1,1240.677,1307.266,6.0,614
11,1,1253.677,1257.266,0.0,615
12,1,1232.476,1250.49,0.0,2030
12,1,1224.476,1260.49,0.0,1811
12,1,1241.476,1263.49,5.0,1540
12,1,1247.476,1250.49,0.0,1388
12,1,1258.476,1280.49,6.0,1177
12,1,1242.476,1250.49,0.0,1248
12,1,1246.476,1295.49,6.0,987
12,1,1236.476,1254.49,0.0,1312
12,1,1257.476,1283.49,0.0,1162
12,1,1207.476,1271.49,0.0,1134
12,1,1234.476,1264.49,0.0,1048
12,1,1247.476,1260.49,3.0,1022
12,1,1214.476,1289.49,6.0,939
12,1,1263.476,1266.49,0.0,898
12,1,1237.476,1258.49,3.0,925
12,1,1229.476,1257.49,0.0,974
12,1,1266.476,1283.49,5.0,987
12,1,1248.476,1283.49,3.0,920
12,1,1257.476,1272.49,4.0,866
12,1,1212.476,1273.49,5.0,970
12,1,1246.476,1265.49,4.0,930
12,1,1249.476,1271.49,1.0,787
12,1,1215.476,1312.49,0.0,812
12,1,1233.476,1268.49,4.0,875
12,1,1246.476,1282.49,0.0,811
12,1,1242.476,1257.49,3.0,762
12,1,1256.476,1257.49,6.0,846
12,1,1221.476,1278.49,6.0,808
12,1,1270.476,1273.49,5.0,808
12,1,1234.476,1267.49,0.0,971
12,1,1256.476,1286.49,4.0,822
12,1,1210.476,1307.49,0.0,674
12,1,1221.476,1292.49,3.0,800
12,1,1230.476,1274.49,0.0,699
12,1,1240.476,1307.49,6.0,757
12,1,1227.476,1252.49,0.0,872
12,1,1211.476,1294.49,0.0,717
12,1,1218.476,1261.49,6.0,703
12,1,1268.476,1277.49,6.0,767
12,1,1229.476,1267.49,1.0,761
12,1,1256.476,1269.49,6.0,674
12,1,1216.476,1278.49,1.0,703
12,1,1225.476,1279.49,6.0,682
12,1,1221.476,1265.49,0.0,662
12,1,1214.476,1276.49,6.0,672
12,1,1244.476,1253.49,3.0,714
12,1,1245.476,1275.49,2.0,682
12,1,1238.476,1269.49,2.0,681
12,1,1207.476,1282.49,0.0,664
12,1,1247.476,1246.49,4.0,704
12,1,1220.476,1280.49,3.0,664
12,1,1259.476,1286.49,5.0,663
12,1,1251.476,1252.49,0.0,667
13,1,1232.399,1254.61,0.0,1657
13,1,1263.399,1273.61,0.0,1420
13,1,1265.399,1284.61,3.0,1152
13,1,1258.399,1274.61,6.0,944
13,1,1235.399,1264.61,0.0,975
13,1,1229.399,1315.61,4.0,837
13,1,1223.399,1259.61,1.0,886
13,1,1249.399,1279.61,6.0,788
13,1,1210.399,1299.61,0.0,764
13,1,1258.399,1293.61,0.0,753
13,1,1246.399,1305.61,0.0,847
13,1,1259.399,1281.61,0.0,792
13,1,1224.399,1265.61,6.0,684
13,1,1241.399,1307.61,3.0,736
13,1,1223.399,1270.61,2.0,722
13,1,1246.399,1274.61,0.0,755
13,1,1228.399,1274.61,3.0,681
13,1,1239.399,1306.61,4.0,687
13,1,1214.399,1270.61,6.0,622
13,1,1212.399,1293.61,0.0,610
13,1,1240.399,1263.61,0.0,602
13,1,1245.399,1282.61,0.0,602
13,1,1219.399,1282.61,2.0,586
13,1,1248.399,1299.61,0.0,651
13,1,1248.399,1250.61,0.0,747
13,1,1248.399,1246.61,4.0,629
13,1,1256.399,1284.61,4.0,622
13,1,1239.399,1287.61,5.0,604
13,1,1221.399,1314.61,1.0,640
13,1,1254.399,1257.61,4.0,657
14,1,1260.488,1268.313,0.0,1994
14,1,1271.488,1276.313,2.0,1636
14,1,1248.488,1253.313,3.0,1281
14,1,1252.488,1288.313,0.0,976
14,1,1231.488,1258.313,3.0,913
14,1,1252.488,1269.313,1.0,909
14,1,1212.488,1271.313,3.0,784
14,1,1246.488,1263.313,2.0,932
14,1,1255.488,1283.313,2.0,768
14,1,1237.488,1255.313,2.0,858
14,1,1238.488,1253.313,3.0,800
14,1,1212.488,1282.313,3.0,828
14,1,1244.488,1292.313,6.0,673
14,1,1245.488,1304.313,1.0,722
14,1,1266.488,1274.313,1.0,745
14,1,1220.488,1260.313,4.0,708
14,1,1230.488,1310.313,6.0,687
14,1,1222.488,1317.313,0.0,689
14,1,1217.488,1287.313,6.0,646
14,1,1245.488,1280.313,4.0,687
14,1,1225.488,1313.313,5.0,658
14,1,1235.488,1267.313,0.0,749
14,1,1248.488,1284.313,4.0,611
14,1,1239.488,1251.313,0.0,704
14,1,1252.488,1301.313,5.0,690
14,1,1247.488,1297.313,0.0,661
14,1,1221.488,1264.313,0.0,651
14,1,1209.488,1277.313,0.0,655
14,1,1239.488,1261.313,4.0,606
14,1,1210.488,1291.313,0.0,603
14,1,1234.488,1265.313,3.0,629
14,1,1247.488,1246.313,4.0,653
14,1,1238.488,1267.313,6.0,680
14,1,1242.488,1274.313,2.0,601
14,1,1225.488,1257.313,2.0,612
14,1,1247.488,1277.313,1.0,671
14,1,1228.488,1256.313,5.0,665
14,1,1212.488,1286.313,5.0,641
14,1,1248.488,1272.313,0.0,608
14,1,1256.488,1280.313,2.0,601
14,1,1254.488,1257.313,5.0,657
14,1,1253.488,1295.313,0.0,626
15,1,1240.789,1261.443,0.0,1621
15,1,1268.789,1281.443,0.0,965
15,1,1272.789,1276.443,6.0,945
15,1,1247.789,1306.443,4.0,834
15,1,1207.789,1280.443,4.0,893
15,1,1256.789,1295.443,0.0,843
15,1,1258.789,1272.443,3.0,812
15,1,1263.789,1270.443,2.0,899
15,1,1241.789,1285.443,0.0,819
15,1,1234.789,1250.443,0.0,720
15,1,1211.789,1279.443,5.0,774
15,1,1235.789,1256.443,4.0,746
15,1,1253.789,1267.443,5.0,719
15,1,1246.789,1261.443,3.0,755
15,1,1243.789,1266.443,3.0,743
15,1,1226.789,1266.443,3.0,742
15,1,1256.789,1278.443,6.0,619
15,1,1255.789,1284.443,1.0,685
15,1,1242.789,1256.443,3.0,730
15,1,1212.789,1282.443,3.0,657
15,1,1265.789,1273.443,3.0,679
15,1,1235.789,1267.443,6.0,595
15,1,1241.789,1307.443,4.0,664
15,1,1271.789,1277.443,1.0,640
15,1,1232.789,1260.443,0.0,577
15,1,1253.789,1295.443,3.0,651
15,1,1266.789,1285.443,3.0,583
15,1,1228.789,1258.443,0.0,593
15,1,1247.789,1265.443,5.0,637
15,1,1235.789,1260.443,4.0,613
16,1,1268.966,1281.472,0.0,1807
16,1,1243.966,1303.472,0.0,1462
16,1,1216.966,1312.4720000000002,2.0,1624
16,1,1250.966,1284.472,0.0,1379
16,1,1248.966,1253.472,4.0,1337
16,1,1230.966,1255.472,1.0,1253
16,1,1247.966,1288.472,0.0,1294
16,1,1222.966,1312.4720000000002,2.0,1265
16,1,1223.966,1255.472,0.0,1194
16,1,1238.966,1255.472,3.0,1021
16,1,1216.966,1279.472,1.0,1155
16,1,1218.966,1276.472,3.0,1014
16,1,1235.966,1259.472,1.0,1035
16,1,1248.966,1272.472,0.0,881
16,1,1245.966,1295.472,0.0,947
16,1,1243.966,1265.472,4.0,951
16,1,1223.966,1286.472,0.0,821
16,1,1253.966,1294.472,0.0,880
16,1,1260.966,1271.472,1.0,898
16,1,1269.966,1283.472,4.0,877
16,1,1236.966,1267.472,0.0,773
16,1,1268.966,1291.472,0.0,773
16,1,1265.966,1270.472,0.0,807
16,1,1205.966,1275.472,6.0,752
16,1,1221.966,1283.472,4.0,778
16,1,1242.966,1290.472,0.0,908
16,1,1247.966,1265.472,4.0,863
16,1,1227.966,1272.472,6.0,711
16,1,1245.966,1262.472,2.0,795
16,1,1209.966,1290.472,1.0,773
16,1,1258.966,1292.472,3.0,770
16,1,1251.966,1257.472,3.0,789
16,1,1208.966,1272.472,6.0,664
16,1,1228.966,1311.4720000000002,3.0,752
16,1,1212.966,1294.472,0.0,698
16,1,1239.966,1292.472,3.0,688
16,1,1214.966,1278.472,6.0,662
16,1,1235.966,1297.472,6.0,628
16,1,1261.966,1285.472,0.0,666
16,1,1251.966,1301.472,5.0,670
16,1,1223.966,1299.472,6.0,648
16,1,1212.966,1309.472,6.0,650
16,1,1253.966,1295.472,3.0,808
16,1,1226.966,1317.4720000000002,0.0,720
16,1,1248.966,1292.472,0.0,720
16,1,1221.966,1301.472,5.0,686
16,1,1216.966,1297.472,0.0,627
16,1,1227.966,1308.472,6.0,724
16,1,1247.966,1305.472,0.0,645
16,1,1253.966,1258.472,0.0,678
16,1,1217.966,1307.472,3.0,699
16,1,1226.966,1264.472,1.0,682
16,1,1249.966,1294.472,6.0,628
16,1,1252.966,1260.472,4.0,650
16,1,1263.966,1279.472,5.0,645
16,1,1232.966,1267.472,0.0,637
16,1,1246.966,1250.472,0.0,648
17,1,1265.195,1284.8239999999996,4.0,2221
17,1,1218.195,1278.8239999999996,0.0,1799
17,1,1271.195,1281.8239999999996,0.0,1957
17,1,1243.195,1258.8239999999996,0.0,1844
17,1,1223.195,1270.8239999999996,3.0,1622
17,1,1262.195,1267.8239999999996,0.0,1663
17,1,1270.195,1275.8239999999996,0.0,1666
17,1,1224.195,1283.8239999999996,0.0,1302
17,1,1210.195,1271.8239999999996,0.0,1172
17,1,1214.195,1270.8239999999996,6.0,1186
17,1,1248.195,1260.8239999999996,3.0,1335
17,1,1219.195,1298.8239999999996,4.0,1174
17,1,1242.195,1264.8239999999996,4.0,1336
17,1,1221.195,1287.8239999999996,0.0,1135
17,1,1261.195,1257.8239999999996,0.0,1299
17,1,1259.195,1283.8239999999996,6.0,1168
17,1,1230.195,1267.8239999999996,0.0,1084
17,1,1251.195,1276.8239999999996,1.0,1230
17,1,1252.195,1287.8239999999996,0.0,1057
17,1,1209.195,1276.8239999999996,1.0,1125
17,1,1211.195,1276.8239999999996,6.0,930
17,1,1250.195,1304.8239999999996,0.0,1038
17,1,1221.195,1277.8239999999996,6.0,927
17,1,1231.195,1255.8239999999996,0.0,1023
17,1,1224.195,1258.8239999999996,2.0,977
17,1,1221.195,1313.8239999999996,0.0,947
17,1,1238.195,1254.8239999999996,0.0,1056
17,1,1208.195,1270.8239999999996,6.0,918
17,1,1235.195,1252.8239999999996,1.0,1003
17,1,1250.195,1299.8239999999996,0.0,865
17,1,1256.195,1293.8239999999996,0.0,853
17,1,1237.195,1254.8239999999996,6.0,873
17,1,1227.195,1269.8239999999996,5.0,888
17,1,1214.195,1310.8239999999996,2.0,860
17,1,1235.195,1266.8239999999996,1.0,853
17,1,1210.195,1291.8239999999996,1.0,727
17,1,1254.195,1296.8239999999996,0.0,678
17,1,1230.195,1263.8239999999996,3.0,833
17,1,1274.195,1277.8239999999996,6.0,767
17,1,1216.195,1313.8239999999996,0.0,768
17,1,1219.195,1299.8239999999996,0.0,764
17,1,1257.195,1278.8239999999996,0.0,686
17,1,1235.195,1258.8239999999996,6.0,764
17,1,1257.195,1264.8239999999996,0.0,772
17,1,1242.195,1307.8239999999996,3.0,728
17,1,1224.195,1265.8239999999996,6.0,852
17,1,1243.195,1246.8239999999996,0.0,783
17,1,1212.195,1287.8239999999996,5.0,702
17,1,1246.195,1276.8239999999996,6.0,760
17,1,1246.195,1273.8239999999996,0.0,784
17,1,1263.195,1267.8239999999996,5.0,729
17,1,1255.195,1257.8239999999996,4.0,773
17,1,1227.195,1262.8239999999996,6.0,752
17,1,1244.195,1277.8239999999996,2.0,677
17,1,1226.195,1253.8239999999996,1.0,694
17,1,1253.195,1281.8239999999996,1.0,685
17,1,1214.195,1298.8239999999996,1.0,682
17,1,1248.195,1271.8239999999996,2.0,688
17,1,1230.195,1256.8239999999996,3.0,704
17,1,1255.195,1257.8239999999996,0.0,743
18,1,1211.452,1299.428,0.0,2430
18,1,1271.452,1275.428,2.0,2485
18,1,1258.452,1267.428,0.0,1896
18,1,1246.452,1263.428,2.0,1569
18,1,1246.452,1258.428,3.0,1486
18,1,1213.452,1286.428,3.0,1569
18,1,1245.452,1252.428,2.0,1376
18,1,1212.452,1271.428,4.0,1393
18,1,1239.452,1251.428,0.0,1272
18,1,1236.452,1259.428,3.0,1105
18,1,1220.452,1285.428,0.0,1115
18,1,1244.452,1282.428,0.0,1081
18,1,1252.452,1260.428,4.0,1127
18,1,1266.452,1274.428,0.0,1161
18,1,1230.452,1259.428,3.0,969
18,1,1253.452,1261.428,2.0,1106
18,1,1246.452,1276.428,2.0,984
18,1,1254.452,1281.428,6.0,931
18,1,1213.452,1310.428,2.0,996
18,1,1242.452,1274.428,2.0,899
18,1,1219.452,1314.428,3.0,930
18,1,1260.452,1292.428,0.0,809
18,1,1257.452,1284.428,3.0,843
18,1,1248.452,1311.428,0.0,842
18,1,1230.452,1265.428,5.0,928
18,1,1267.452,1282.428,4.0,823
18,1,1223.452,1309.428,4.0,742
18,1,1236.452,1280.428,0.0,768
18,1,1252.452,1270.428,1.0,828
18,1,1255.452,1284.428,2.0,897
18,1,1239.452,1278.428,0.0,821
18,1,1209.452,1267.428,1.0,732
18,1,1229.452,1268.428,3.0,789
18,1,1250.452,1299.428,0.0,745
18,1,1256.452,1272.428,0.0,882
18,1,1244.452,1311.428,5.0,808
18,1,1237.452,1285.428,6.0,750
18,1,1232.452,1263.428,0.0,810
18,1,1222.452,1313.428,0.0,857
18,1,1216.452,1298.428,3.0,839
18,1,1242.452,1289.428,0.0,780
18,1,1219.452,1262.428,6.0,752
18,1,1217.452,1286.428,6.0,776
18,1,1236.452,1267.428,0.0,810
18,1,1257.452,1269.428,5.0,796
18,1,1221.452,1317.428,0.0,807
18,1,1213.452,1276.428,5.0,780
18,1,1211.452,1282.428,6.0,796
18,1,1236.452,1255.428,2.0,732
18,1,1254.452,1295.428,4.0,780
18,1,1240.452,1276.428,5.0,715
18,1,1248.452,1278.428,6.0,699
18,1,1218.452,1294.428,5.0,699
18,1,1242.452,1307.428,1.0,706
18,1,1251.452,1279.428,4.0,763
18,1,1239.452,1260.428,0.0,762
18,1,1219.452,1283.428,4.0,698
18,1,1250.452,1276.428,0.0,729
18,1,1255.452,1257.428,5.0,718
18,1,1254.452,1295.428,1.0,750
18,1,1255.452,1257.428,0.0,728
19,1,1220.969,1263.558,0.0,1735
19,1,1231.969,1261.558,0.0,1633
19,1,1245.969,1261.558,2.0,1544
19,1,1259.969,1263.558,0.0,1370
19,1,1245.969,1292.558,1.0,1446
19,1,1218.969,1297.558,2.0,1225
19,1,1258.969,1274.558,6.0,1200
19,1,1208.969,1285.558,0.0,1155
19,1,1231.969,1254.558,1.0,1120
19,1,1250.969,1284.558,0.0,1187
19,1,1244.969,1245.558,2.0,1084
19,1,1264.969,1279.558,0.0,872
19,1,1242.969,1250.558,0.0,1020
19,1,1249.969,1275.558,2.0,1050
19,1,1211.969,1302.558,5.0,970
19,1,1250.969,1265.558,5.0,867
19,1,1217.969,1264.558,6.0,754
19,1,1256.969,1286.558,1.0,868
19,1,1221.969,1278.558,0.0,727
19,1,1222.969,1258.558,1.0,749
19,1,1262.969,1287.558,0.0,744
19,1,1233.969,1258.558,4.0,728
19,1,1232.969,1271.558,6.0,720
19,1,1249.969,1247.558,0.0,733
19,1,1225.969,1304.558,6.0,624
19,1,1250.969,1290.558,0.0,713
19,1,1216.969,1291.558,4.0,635
19,1,1208.969,1264.558,4.0,722
19,1,1217.969,1277.558,0.0,668
19,1,1220.969,1286.558,0.0,637
19,1,1230.969,1274.558,0.0,691
19,1,1258.969,1285.558,6.0,643
19,1,1242.969,1307.558,3.0,701
19,1,1255.969,1257.558,5.0,685
19,1,1264.969,1272.558,0.0,669
19,1,1210.969,1269.558,5.0,645
19,1,1263.969,1269.558,3.0,640
19,1,1234.969,1276.558,0.0,620
19,1,1212.969,1310.558,2.0,625
19,1,1254.969,1295.558,1.0,716
19,1,1209.969,1271.558,0.0,618
19,1,1248.969,1265.558,0.0,629
20,1,1228.237,1265.646,4.0,1264
20,1,1234.237,1254.646,2.0,1195
20,1,1247.237,1285.646,0.0,1153
20,1,1217.237,1277.646,2.0,936
20,1,1246.237,1302.646,0.0,961
20,1,1210.237,1279.646,4.0,855
20,1,1253.237,1285.646,4.0,833
20,1,1247.237,1250.646,0.0,823
20,1,1217.237,1305.646,0.0,741
20,1,1239.237,1281.646,0.0,761
20,1,1258.237,1267.646,6.0,738
20,1,1249.237,1298.646,1.0,846
20,1,1241.237,1259.646,2.0,791
20,1,1216.237,1311.646,0.0,719
20,1,1224.237,1269.646,4.0,791
20,1,1258.237,1293.646,0.0,656
20,1,1238.237,1272.646,1.0,703
20,1,1228.237,1310.646,6.0,700
20,1,1264.237,1290.646,0.0,673
20,1,1223.237,1317.646,5.0,704
20,1,1264.237,1293.646,0.0,703
20,1,1229.237,1314.646,6.0,674
20,1,1244.237,1259.646,3.0,665
20,1,1262.237,1284.646,2.0,616
20,1,1270.237,1273.646,6.0,654
20,1,1265.237,1270.646,4.0,650
20,1,1248.237,1258.646,0.0,664
20,1,1235.237,1264.646,0.0,702
20,1,1225.237,1310.646,4.0,657
20,1,1243.237,1268.646,5.0,667
20,1,1246.237,1255.646,0.0,652
20,1,1248.237,1292.646,0.0,670
20,1,1246.237,1301.646,4.0,623
20,1,1251.237,1250.646,4.0,589
20,1,1256.237,1257.646,5.0,637
20,1,1260.237,1283.646,5.0,668
20,1,1249.237,1271.646,2.0,589
20,1,1234.237,1274.646,5.0,606
20,1,1233.237,1264.646,2.0,644
20,1,1260.237,1262.646,5.0,618
20,1,1231.237,1251.646,6.0,635
20,1,1243.237,1307.646,0.0,590
20,1,1237.237,1259.646,0.0,610
20,1,1249.237,1281.646,1.0,614
20,1,1255.237,1295.646,1.0,621
21,1,1271.228,1276.167,3.0,1622
21,1,1241.228,1261.167,0.0,1403
21,1,1257.228,1295.167,0.0,954
21,1,1243.228,1250.167,5.0,1138
21,1,1258.228,1274.167,6.0,919
21,1,1240.228,1257.167,1.0,1036
21,1,1263.228,1273.167,0.0,923
21,1,1224.228,1260.167,2.0,935
21,1,1224.228,1261.167,0.0,963
21,1,1237.228,1259.167,0.0,1084
21,1,1256.228,1253.167,0.0,921
21,1,1220.228,1292.167,1.0,873
21,1,1209.228,1269.167,0.0,789
21,1,1248.228,1285.167,4.0,804
21,1,1244.228,1252.167,4.0,884
21,1,1234.228,1268.167,0.0,769
21,1,1263.228,1262.167,0.0,810
21,1,1244.228,1264.167,6.0,698
21,1,1247.228,1305.167,0.0,659
21,1,1207.228,1280.167,4.0,635
21,1,1211.228,1300.167,0.0,639
21,1,1253.228,1260.167,0.0,655
21,1,1215.228,1292.167,0.0,705
21,1,1220.228,1276.167,6.0,619
21,1,1260.228,1283.167,3.0,654
21,1,1259.228,1262.167,6.0,654
21,1,1246.228,1250.167,0.0,677
21,1,1220.228,1285.167,0.0,693
21,1,1235.228,1311.167,6.0,600
21,1,1249.228,1294.167,4.0,633
21,1,1260.228,1283.167,0.0,641
21,1,1229.228,1258.167,2.0,646
21,1,1243.228,1267.167,0.0,626
21,1,1235.228,1257.167,4.0,700
21,1,1233.228,1288.167,6.0,598
21,1,1244.228,1307.167,6.0,703
21,1,1250.228,1290.167,6.0,617
21,1,1214.228,1283.167,2.0,606
21,1,1226.228,1266.167,3.0,586
21,1,1243.228,1277.167,2.0,631
21,1,1257.228,1257.167,5.0,689
21,1,1211.228,1282.167,4.0,584
21,1,1261.228,1280.167,5.0,629
21,1,1258.228,1278.167,2.0,635
21,1,1272.228,1281.167,0.0,624
21,1,1257.228,1284.167,3.0,610
21,1,1266.228,1273.167,4.0,574
21,1,1250.228,1249.167,0.0,604
22,1,1266.412,1271.44,5.0,1388
22,1,1271.412,1279.44,0.0,1344
22,1,1245.412,1301.44,0.0,1132
22,1,1241.412,1249.44,0.0,1159
22,1,1261.412,1276.44,3.0,1018
22,1,1238.412,1262.44,3.0,1061
22,1,1219.412,1272.44,6.0,901
22,1,1266.412,1284.44,6.0,815
22,1,1228.412,1253.44,0.0,828
22,1,1209.412,1273.44,2.0,794
22,1,1260.412,1272.44,2.0,911
22,1,1239.412,1257.44,0.0,811
22,1,1223.412,1269.44,2.0,804
22,1,1230.412,1312.44,4.0,674
22,1,1255.412,1259.44,0.0,684
22,1,1218.412,1282.44,5.0,886
22,1,1246.412,1272.44,6.0,786
22,1,1208.412,1292.44,2.0,711
22,1,1248.412,1278.44,0.0,732
22,1,1244.412,1256.44,0.0,846
22,1,1228.412,1261.44,4.0,754
22,1,1257.412,1283.44,0.0,673
22,1,1206.412,1279.44,5.0,723
22,1,1221.412,1265.44,1.0,717
22,1,1248.412,1250.44,1.0,796
22,1,1214.412,1276.44,6.0,608
22,1,1242.412,1256.44,3.0,737
22,1,1218.412,1289.44,0.0,643
22,1,1241.412,1249.44,6.0,641
22,1,1212.412,1286.44,5.0,709
22,1,1252.412,1270.44,4.0,604
22,1,1256.412,1257.44,5.0,642
22,1,1261.412,1285.44,6.0,618
22,1,1259.412,1282.44,4.0,630
22,1,1225.412,1260.44,1.0,606
23,1,1260.948,1267.431,0.0,2128
23,1,1261.948,1275.431,1.0,2184
23,1,1256.948,1253.431,0.0,1926
23,1,1236.948,1254.431,0.0,1580
23,1,1237.948,1257.431,4.0,1388
23,1,1205.948,1265.431,0.0,1312
23,1,1266.948,1284.431,4.0,1326
23,1,1207.948,1270.431,0.0,1208
23,1,1247.948,1306.431,5.0,1054
23,1,1229.948,1316.431,4.0,976
23,1,1272.948,1276.431,6.0,992
23,1,1234.948,1264.431,0.0,982
23,1,1241.948,1260.431,0.0,1096
23,1,1257.948,1303.431,0.0,794
23,1,1271.948,1277.431,2.0,959
23,1,1241.948,1284.431,0.0,824
23,1,1228.948,1266.431,3.0,825
23,1,1228.948,1259.431,0.0,930
23,1,1256.948,1282.431,0.0,811
23,1,1256.948,1257.431,6.0,826
23,1,1258.948,1294.431,4.0,790
23,1,1235.948,1273.431,1.0,784
23,1,1249.948,1253.431,2.0,752
23,1,1239.948,1269.431,2.0,807
23,1,1209.948,1285.431,0.0,764
23,1,1223.948,1278.431,1.0,737
23,1,1220.948,1275.431,0.0,746
23,1,1248.948,1276.431,0.0,745
23,1,1226.948,1308.431,3.0,704
23,1,1266.948,1280.431,0.0,860
23,1,1242.948,1265.431,3.0,761
23,1,1215.948,1314.431,6.0,791
23,1,1254.948,1287.431,3.0,724
23,1,1248.948,1258.431,6.0,699
23,1,1241.948,1253.431,2.0,786
23,1,1219.948,1313.431,2.0,712
23,1,1243.948,1276.431,0.0,685
23,1,1253.948,1276.431,3.0,725
23,1,1232.948,1258.431,2.0,776
23,1,1260.948,1275.431,6.0,789
23,1,1227.948,1252.431,0.0,729
23,1,1243.948,1307.431,3.0,711
23,1,1258.948,1280.431,6.0,720
24,1,1218.112,1278.329,1.0,1981
24,1,1264.112,1273.329,0.0,1840
24,1,1251.112,1288.329,0.0,1422
24,1,1271.112,1276.329,3.0,1351
24,1,1231.112,1256.329,1.0,1237
24,1,1246.112,1250.329,0.0,1052
24,1,1228.112,1261.329,3.0,1153
24,1,1251.112,1303.329,0.0,1069
24,1,1247.112,1296.329,0.0,1078
24,1,1235.112,1267.329,6.0,989
24,1,1245.112,1280.329,4.0,921
24,1,1225.112,1270.329,4.0,912
24,1,1242.112,1289.329,0.0,902
24,1,1235.112,1304.329,5.0,822
24,1,1249.112,1276.329,0.0,792
24,1,1218.112,1289.329,0.0,821
24,1,1259.112,1278.329,1.0,805
24,1,1250.112,1266.329,0.0,787
24,1,1215.112,1286.329,0.0,866
24,1,1221.112,1260.329,5.0,867
24,1,1247.112,1305.329,0.0,791
24,1,1235.112,1255.329,3.0,813
24,1,1248.112,1306.329,5.0,722
24,1,1238.112,1261.329,4.0,766
24,1,1229.112,1314.329,6.0,705
24,1,1223.112,1276.329,2.0,756
24,1,1254.112,1307.329,3.0,687
24,1,1258.112,1293.329,0.0,714
24,1,1247.112,1285.329,4.0,748
24,1,1249.112,1280.329,6.0,734
24,1,1270.112,1274.329,6.0,806
24,1,1217.112,1294.329,1.0,686
24,1,1252.112,1254.329,5.0,781
24,1,1247.112,1265.329,0.0,673
24,1,1239.112,1272.329,0.0,690
24,1,1220.112,1285.329,0.0,757
24,1,1240.112,1251.329,6.0,658
24,1,1224.112,1285.329,0.0,630
24,1,1268.112,1284.329,5.0,708
24,1,1233.112,1283.329,0.0,658
24,1,1235.112,1274.329,1.0,650
24,1,1224.112,1259.329,3.0,812
24,1,1263.112,1267.329,6.0,673
24,1,1265.112,1264.329,6.0,652
24,1,1210.112,1271.329,0.0,653
24,1,1213.112,1294.329,0.0,630
24,1,1224.112,1316.329,3.0,669
24,1,1240.112,1316.329,5.0,635
24,1,1247.112,1271.329,2.0,635
24,1,1264.112,1280.329,5.0,640
24,1,1232.112,1260.329,5.0,710
24,1,1245.112,1275.329,3.0,694
24,1,1222.112,1312.329,2.0,627
24,1,1221.112,1265.329,2.0,628
24,1,1244.112,1307.329,2.0,626
25,1,1266.287,1271.249,5.0,1806
25,1,1269.287,1278.249,0.0,1298
25,1,1223.287,1269.249,2.0,1365
25,1,1264.287,1284.249,4.0,1371
25,1,1239.287,1260.249,0.0,1376
25,1,1211.287,1300.249,0.0,1186
25,1,1211.287,1296.249,0.0,1262
25,1,1219.287,1274.249,6.0,1155
25,1,1259.287,1263.249,1.0,1059
25,1,1241.287,1250.249,0.0,1140
25,1,1211.287,1277.249,6.0,918
25,1,1229.287,1258.249,0.0,989
25,1,1220.287,1286.249,6.0,826
25,1,1247.287,1250.249,0.0,992
25,1,1227.287,1252.249,2.0,883
25,1,1238.287,1293.249,4.0,794
25,1,1245.287,1268.249,0.0,792
25,1,1209.287,1274.249,2.0,888
25,1,1238.287,1261.249,4.0,917
25,1,1212.287,1268.249,4.0,768
25,1,1242.287,1265.249,4.0,844
25,1,1244.287,1246.249,3.0,822
25,1,1243.287,1253.249,0.0,974
25,1,1262.287,1276.249,4.0,798
25,1,1253.287,1260.249,1.0,741
25,1,1213.287,1311.249,2.0,757
25,1,1241.287,1274.249,6.0,673
25,1,1209.287,1291.249,1.0,701
25,1,1259.287,1279.249,2.0,749
25,1,1222.287,1308.249,5.0,654
25,1,1219.287,1264.249,1.0,664
25,1,1230.287,1274.249,0.0,641
25,1,1252.287,1254.249,5.0,714
25,1,1244.287,1256.249,0.0,782
25,1,1249.287,1293.249,6.0,647
25,1,1257.287,1257.249,0.0,745
25,1,1269.287,1278.249,6.0,650
25,1,1232.287,1270.249,0.0,656
25,1,1248.287,1254.249,3.0,655
25,1,1238.287,1249.249,4.0,634
25,1,1248.287,1279.249,4.0,648
26,1,1260.742,1258.118,0.0,1775
26,1,1233.742,1254.118,3.0,1763
26,1,1266.742,1285.118,4.0,1711
26,1,1236.742,1258.118,4.0,1683
26,1,1207.742,1271.118,0.0,1534
26,1,1262.742,1276.118,1.0,1672
26,1,1223.742,1260.118,2.0,1514
26,1,1263.742,1280.118,2.0,1602
26,1,1233.742,1264.118,0.0,1468
26,1,1247.742,1284.118,3.0,1412
26,1,1244.742,1253.118,4.0,1365
26,1,1236.742,1255.118,0.0,1481
26,1,1260.742,1275.118,6.0,1404
26,1,1241.742,1261.118,0.0,1290
26,1,1205.742,1275.118,0.0,1335
26,1,1218.742,1300.118,2.0,1229
26,1,1216.742,1279.118,0.0,1258
26,1,1228.742,1260.118,0.0,1390
26,1,1257.742,1264.118,0.0,1359
26,1,1216.742,1278.118,2.0,1246
26,1,1239.742,1258.118,0.0,1277
26,1,1218.742,1296.118,1.0,1243
26,1,1252.742,1293.118,0.0,1259
26,1,1240.742,1263.118,6.0,1092
26,1,1247.742,1260.118,4.0,1159
26,1,1222.742,1272.118,0.0,1128
26,1,1223.742,1279.118,1.0,1129
26,1,1258.742,1275.118,4.0,1309
26,1,1256.742,1279.118,6.0,1194
26,1,1206.742,1281.118,4.0,940
26,1,1259.742,1283.118,3.0,1333
26,1,1256.742,1296.118,0.0,1132
26,1,1230.742,1268.118,1.0,1096
26,1,1245.742,1251.118,0.0,1077
26,1,1256.742,1279.118,0.0,1166
26,1,1258.742,1285.118,4.0,1244
26,1,1223.742,1283.118,0.0,1008
26,1,1208.742,1277.118,2.0,984
26,1,1256.742,1283.118,0.0,1144
26,1,1256.742,1287.118,4.0,1066
26,1,1232.742,1311.118,6.0,949
26,1,1255.742,1257.118,6.0,1097
26,1,1239.742,1311.118,5.0,930
26,1,1213.742,1311.118,1.0,1047
26,1,1249.742,1301.118,0.0,1011
26,1,1224.742,1298.118,6.0,941
26,1,1251.742,1266.118,5.0,940
26,1,1227.742,1265.118,2.0,1080
26,1,1271.742,1276.118,3.0,996
26,1,1226.742,1254.118,1.0,1077
26,1,1226.742,1314.118,4.0,935
26,1,1245.742,1265.118,3.0,984
26,1,1242.742,1307.118,3.0,999
26,1,1229.742,1284.118,4.0,934
26,1,1254.742,1292.118,6.0,940
26,1,1254.742,1258.118,3.0,979
26,1,1245.742,1263.118,2.0,1001
26,1,1270.742,1283.118,6.0,1005
26,1,1251.742,1288.118,0.0,936
26,1,1270.742,1272.118,6.0,970
26,1,1247.742,1293.118,0.0,941
26,1,1254.742,1295.118,4.0,1032
26,1,1255.742,1257.118,0.0,1015
26,1,1263.742,1288.118,6.0,981
27,1,1215.9,1292.927,0.0,1533
27,1,1260.9,1271.927,2.0,1626
27,1,1259.9,1281.927,1.0,1589
27,1,1240.9,1262.927,6.0,1379
27,1,1265.9,1273.927,0.0,1374
27,1,1249.9,1266.927,6.0,1225
27,1,1233.9,1267.927,0.0,1134
27,1,1224.9,1312.927,6.0,1192
27,1,1227.9,1265.927,4.0,1177
27,1,1209.9,1279.927,4.0,1146
27,1,1270.9,1272.927,6.0,1123
27,1,1208.9,1284.927,0.0,1108
27,1,1208.9,1271.927,6.0,1140
27,1,1244.9,1311.927,4.0,1118
27,1,1247.9,1285.927,4.0,1111
27,1,1239.9,1301.927,4.0,1034
27,1,1233.9,1255.927,0.0,949
27,1,1223.9,1255.927,6.0,1094
27,1,1244.9,1282.927,0.0,1054
27,1,1224.9,1260.927,0.0,903
27,1,1213.9,1276.927,6.0,979
27,1,1220.9,1277.927,6.0,990
27,1,1243.9,1249.927,5.0,955
27,1,1240.9,1289.927,0.0,1083
27,1,1253.9,1285.927,4.0,1067
27,1,1221.9,1283.927,5.0,1006
27,1,1262.9,1289.927,6.0,925
27,1,1268.9,1278.927,3.0,984
27,1,1213.9,1282.927,1.0,918
27,1,1252.9,1276.927,3.0,952
27,1,1247.9,1309.927,6.0,948
27,1,1233.9,1257.927,4.0,852
27,1,1241.9,1255.927,0.0,846
27,1,1255.9,1256.927,4.0,890
27,1,1252.9,1258.927,4.0,976
27,1,1222.9,1309.927,3.0,921
27,1,1211.9,1273.927,4.0,925
27,1,1248.9,1301.927,0.0,913
27,1,1229.9,1316.927,3.0,860
27,1,1238.9,1276.927,0.0,850
27,1,1263.9,1279.927,5.0,1010
27,1,1255.9,1271.927,5.0,895
27,1,1266.9,1284.927,3.0,877
27,1,1218.9,1314.927,2.0,838
27,1,1222.9,1259.927,6.0,876
27,1,1242.9,1280.927,6.0,850
27,1,1242.9,1307.927,2.0,856
27,1,1229.9,1291.927,5.0,856
27,1,1238.9,1271.927,2.0,839
27,1,1247.9,1261.927,2.0,866
27,1,1227.9,1252.927,4.0,843
27,1,1253.9,1280.927,3.0,882
27,1,1251.9,1296.927,4.0,901
28,1,1218.261,1281.521,6.0,1252
28,1,1267.261,1278.521,0.0,1274
28,1,1233.261,1257.521,3.0,1310
28,1,1259.261,1271.521,4.0,1280
28,1,1214.261,1302.521,0.0,1132
28,1,1242.261,1284.521,0.0,1103
28,1,1250.261,1253.521,5.0,1109
28,1,1258.261,1292.521,0.0,1118
28,1,1267.261,1271.521,3.0,1130
28,1,1267.261,1273.521,0.0,1062
28,1,1232.261,1308.521,4.0,1053
28,1,1243.261,1273.521,0.0,1180
28,1,1227.261,1308.521,4.0,1073
28,1,1249.261,1278.521,0.0,1167
28,1,1247.261,1300.521,0.0,1033
28,1,1256.261,1283.521,2.0,1148
28,1,1206.261,1266.521,6.0,914
28,1,1215.261,1286.521,0.0,925
28,1,1227.261,1263.521,6.0,1015
28,1,1224.261,1259.521,0.0,907
28,1,1234.261,1254.521,1.0,1041
28,1,1223.261,1307.521,4.0,885
28,1,1239.261,1272.521,3.0,980
28,1,1230.261,1265.521,0.0,916
28,1,1229.261,1268.521,6.0,944
28,1,1206.261,1266.521,1.0,936
28,1,1235.261,1266.521,0.0,975
28,1,1249.261,1270.521,0.0,979
28,1,1242.261,1252.521,3.0,974
28,1,1242.261,1289.521,6.0,946
28,1,1260.261,1284.521,6.0,958
28,1,1246.261,1265.521,0.0,949
28,1,1217.261,1298.521,2.0,900
28,1,1225.261,1266.521,6.0,939
28,1,1246.261,1267.521,4.0,923
28,1,1248.261,1293.521,6.0,882
28,1,1240.261,1293.521,5.0,906
28,1,1212.261,1314.521,3.0,891
28,1,1245.261,1275.521,4.0,928
28,1,1252.261,1281.521,0.0,976
28,1,1249.261,1296.521,0.0,904
28,1,1249.261,1284.521,5.0,931
28,1,1269.261,1286.521,5.0,890
28,1,1212.261,1303.521,4.0,877
28,1,1241.261,1307.521,4.0,895
28,1,1272.261,1273.521,4.0,889
28,1,1249.261,1273.521,0.0,882
28,1,1250.261,1282.521,4.0,931
29,1,1267.382,1278.99,0.0,2703
29,1,1250.382,1302.99,0.0,2489
29,1,1241.382,1260.99,0.0,2292
29,1,1246.382,1262.99,2.0,2303
29,1,1271.382,1274.99,2.0,2163
29,1,1229.382,1262.99,2.0,2262
29,1,1243.382,1257.99,0.0,2119
29,1,1255.382,1259.99,0.0,2006
29,1,1232.382,1260.99,0.0,1978
29,1,1250.382,1251.99,6.0,1687
29,1,1212.382,1271.99,3.0,1525
29,1,1208.382,1270.99,6.0,1303
29,1,1230.382,1311.99,4.0,1374
29,1,1272.382,1281.99,0.0,1503
29,1,1211.382,1266.99,5.0,1478
29,1,1244.382,1301.99,0.0,1434
29,1,1260.382,1267.99,0.0,1172
29,1,1248.382,1274.99,2.0,1337
29,1,1236.382,1258.99,3.0,1327
29,1,1224.382,1285.99,0.0,1174
29,1,1239.382,1291.99,3.0,1270
29,1,1219.382,1298.99,4.0,1225
29,1,1222.382,1316.99,1.0,1251
29,1,1244.382,1254.99,6.0,1172
29,1,1217.382,1304.99,0.0,1129
29,1,1263.382,1278.99,3.0,1345
29,1,1240.382,1250.99,1.0,1207
29,1,1252.382,1268.99,2.0,1189
29,1,1251.382,1282.99,1.0,1264
29,1,1247.382,1291.99,0.0,1297
29,1,1211.382,1281.99,6.0,1051
29,1,1245.382,1265.99,4.0,1185
29,1,1233.382,1270.99,6.0,1078
29,1,1225.382,1312.99,5.0,1147
29,1,1221.382,1275.99,0.0,1053
29,1,1272.382,1276.99,6.0,1283
29,1,1266.382,1272.99,4.0,1189
29,1,1240.382,1254.99,0.0,1154
29,1,1215.382,1290.99,0.0,1017
29,1,1258.382,1288.99,6.0,1110
29,1,1267.382,1281.99,5.0,1154
29,1,1227.382,1267.99,6.0,1151
29,1,1243.382,1305.99,4.0,1202
29,1,1264.382,1289.99,1.0,1051
29,1,1241.382,1306.99,4.0,1060
29,1,1238.382,1269.99,0.0,1081
29,1,1229.382,1268.99,3.0,1058
29,1,1232.382,1305.99,4.0,996
29,1,1240.382,1281.99,0.0,1055
29,1,1265.382,1272.99,0.0,1192
29,1,1255.382,1289.99,2.0,1088
29,1,1231.382,1250.99,0.0,1017
29,1,1240.382,1268.99,0.0,1069
29,1,1217.382,1285.99,0.0,961
29,1,1211.382,1295.99,0.0,961
29,1,1221.382,1265.99,1.0,944
29,1,1218.382,1314.99,0.0,935
29,1,1227.382,1262.99,6.0,1176
29,1,1235.382,1286.99,4.0,987
29,1,1257.382,1283.99,3.0,975
29,1,1213.382,1300.99,2.0,963
29,1,1224.382,1294.99,6.0,935
29,1,1251.382,1290.99,1.0,1044
29,1,1267.382,1284.99,3.0,981
29,1,1224.382,1256.99,5.0,934
29,1,1249.382,1307.99,4.0,979
29,1,1252.382,1297.99,6.0,932
29,1,1226.382,1266.99,0.0,1076
29,1,1259.382,1292.99,0.0,993
29,1,1227.382,1252.99,0.0,1014
29,1,1264.382,1284.99,2.0,991
29,1,1258.382,1274.99,4.0,983
29,1,1235.382,1251.99,2.0,952
29,1,1254.382,1285.99,2.0,969
29,1,1237.382,1265.99,1.0,998
30,1,1265.192,1285.05,4.0,1790
30,1,1239.192,1262.05,0.0,1398
30,1,1252.192,1260.05,4.0,1382
30,1,1247.192,1259.05,3.0,1478
30,1,1246.192,1292.05,1.0,1441
30,1,1247.192,1263.05,2.0,1281
30,1,1220.192,1286.05,0.0,1030
30,1,1245.192,1302.05,1.0,998
30,1,1245.192,1253.05,1.0,1029
30,1,1213.192,1286.05,3.0,961
30,1,1213.192,1276.05,5.0,911
30,1,1272.192,1276.05,6.0,906
30,1,1250.192,1276.05,2.0,894
30,1,1223.192,1271.05,3.0,839
30,1,1221.192,1313.05,4.0,811
30,1,1267.192,1276.05,0.0,765
30,1,1254.192,1282.05,6.0,779
30,1,1259.192,1286.05,6.0,767
30,1,1239.192,1253.05,3.0,816
30,1,1258.192,1275.05,5.0,795
30,1,1243.192,1306.05,6.0,822
30,1,1251.192,1280.05,3.0,821
30,1,1273.192,1277.05,0.0,774
30,1,1222.192,1297.05,5.0,726
30,1,1215.192,1296.05,0.0,698
30,1,1248.192,1249.05,0.0,771
30,1,1255.192,1280.05,0.0,721
30,1,1222.192,1302.05,5.0,687
30,1,1212.192,1300.05,0.0,737
30,1,1214.192,1271.05,6.0,676
30,1,1242.192,1285.05,1.0,654
30,1,1241.192,1251.05,0.0,783
30,1,1260.192,1282.05,2.0,746
30,1,1228.192,1282.05,0.0,690
30,1,1218.192,1285.05,6.0,659
30,1,1240.192,1275.05,4.0,656
30,1,1269.192,1281.05,0.0,722
30,1,1243.192,1306.05,2.0,686
30,1,1257.192,1259.05,0.0,700
30,1,1270.192,1283.05,5.0,693
30,1,1256.192,1256.05,6.0,646
30,1,1227.192,1253.05,1.0,685
31,1,1221.23,1263.854,0.0,1061
31,1,1247.23,1296.854,1.0,990
31,1,1243.23,1250.854,0.0,787
31,1,1251.23,1284.854,0.0,824
31,1,1246.23,1272.854,6.0,659
31,1,1220.23,1265.854,6.0,718
31,1,1258.23,1269.854,5.0,736
31,1,1224.23,1314.854,2.0,644
31,1,1208.23,1282.854,0.0,698
31,1,1261.23,1280.854,4.0,676
31,1,1248.23,1287.854,0.0,745
31,1,1255.23,1277.854,2.0,681
31,1,1254.23,1254.854,4.0,611
31,1,1237.23,1252.854,5.0,631
31,1,1247.23,1247.854,4.0,627
31,1,1248.23,1311.854,0.0,576
31,1,1241.23,1271.854,4.0,582
31,1,1229.23,1274.854,0.0,604
31,1,1232.23,1255.854,2.0,568
31,1,1218.23,1307.854,4.0,575
31,1,1213.23,1309.854,5.0,569
31,1,1222.23,1259.854,6.0,588
