hyb,ch,x,y,z,int
0,1,854.0,1367.0,0.0,1227
0,1,859.0,1391.0,2.0,901
0,1,847.0,1402.0,0.0,916
0,1,875.0,1380.0,0.0,878
0,1,861.0,1413.0,2.0,754
0,1,899.0,1405.0,4.0,772
0,1,888.0,1377.0,0.0,738
0,1,853.0,1380.0,0.0,759
0,1,857.0,1386.0,6.0,676
0,1,902.0,1409.0,0.0,668
0,1,883.0,1419.0,0.0,652
0,1,874.0,1371.0,6.0,698
0,1,861.0,1389.0,0.0,704
0,1,866.0,1383.0,6.0,628
0,1,882.0,1373.0,0.0,767
0,1,870.0,1384.0,0.0,635
0,1,866.0,1349.0,4.0,684
0,1,850.0,1355.0,6.0,604
0,1,849.0,1394.0,3.0,618
0,1,852.0,1361.0,1.0,600
0,1,883.0,1369.0,0.0,617
0,1,890.0,1356.0,5.0,680
0,1,876.0,1374.0,4.0,657
0,1,893.0,1351.0,3.0,642
0,1,856.0,1358.0,6.0,608
0,1,862.0,1366.0,3.0,577
0,1,903.0,1404.0,6.0,577
0,1,858.0,1375.0,0.0,685
0,1,897.0,1360.0,2.0,578
0,1,876.0,1377.0,2.0,596
0,1,920.0,1390.0,0.0,576
1,1,855.8,1408.024,6.0,520
1,1,879.8,1357.024,4.0,551
2,1,859.187,1389.328,1.0,1236
2,1,874.187,1375.328,6.0,1034
2,1,866.187,1365.328,4.0,1117
2,1,849.187,1353.328,1.0,1093
2,1,898.187,1375.328,0.0,961
2,1,907.187,1355.328,0.0,934
2,1,909.187,1392.328,3.0,962
2,1,883.187,1379.328,2.0,1068
2,1,871.187,1405.328,6.0,861
2,1,837.187,1389.328,0.0,871
2,1,865.187,1378.328,0.0,879
2,1,912.187,1408.328,2.0,873
2,1,844.187,1350.328,4.0,827
2,1,875.187,1380.328,3.0,741
2,1,884.187,1366.328,4.0,810
2,1,857.187,1386.328,0.0,812
2,1,859.187,1373.328,6.0,686
2,1,916.187,1404.328,4.0,622
2,1,864.187,1402.328,0.0,664
2,1,922.187,1368.328,4.0,654
2,1,864.187,1383.328,6.0,557
2,1,853.187,1374.328,4.0,610
2,1,904.187,1375.328,3.0,624
2,1,832.187,1384.328,0.0,582
2,1,851.187,1383.328,4.0,615
2,1,903.187,1349.328,0.0,645
2,1,855.187,1353.328,0.0,520
2,1,849.187,1348.328,6.0,558
2,1,875.187,1377.328,0.0,571
2,1,920.187,1355.328,0.0,524
2,1,862.187,1377.328,3.0,599
2,1,876.187,1362.328,1.0,525
2,1,854.187,1403.328,0.0,528
2,1,868.187,1353.328,0.0,562
2,1,850.187,1390.328,6.0,529
2,1,865.187,1371.328,4.0,562
2,1,887.187,1359.328,5.0,588
2,1,855.187,1376.328,3.0,571
2,1,881.187,1370.328,2.0,558
2,1,853.187,1381.328,3.0,580
2,1,877.187,1369.328,0.0,545
2,1,866.187,1393.328,0.0,543
2,1,829.187,1373.328,2.0,516
3,1,855.183,1382.896,3.0,797
3,1,846.183,1384.896,2.0,856
3,1,849.183,1403.896,5.0,749
3,1,859.183,1372.896,6.0,668
3,1,876.183,1373.896,1.0,723
3,1,932.183,1343.896,3.0,606
3,1,861.183,1406.896,0.0,549
3,1,846.183,1397.896,1.0,550
3,1,875.183,1371.896,6.0,618
3,1,878.183,1365.896,5.0,643
3,1,861.183,1361.896,6.0,575
3,1,876.183,1356.896,6.0,542
3,1,875.183,1376.896,2.0,597
3,1,847.183,1347.896,5.0,610
3,1,876.183,1368.896,3.0,570
3,1,880.183,1357.896,0.0,538
3,1,880.183,1357.896,3.0,558
4,1,923.898,1368.017,3.0,813
4,1,879.898,1395.017,6.0,771
4,1,882.898,1358.017,1.0,807
4,1,858.898,1384.017,3.0,833
4,1,851.898,1374.017,0.0,821
4,1,853.898,1392.017,2.0,817
4,1,887.898,1366.017,3.0,624
4,1,878.898,1368.017,0.0,734
4,1,899.898,1384.017,2.0,719
4,1,869.898,1352.017,6.0,735
4,1,879.898,1379.017,2.0,758
4,1,850.898,1380.017,3.0,640
4,1,853.898,1381.017,5.0,726
4,1,881.898,1370.017,2.0,698
4,1,873.898,1371.017,2.0,645
4,1,857.898,1412.017,2.0,660
4,1,900.898,1411.017,2.0,681
4,1,845.898,1400.017,2.0,638
4,1,910.898,1403.017,2.0,606
4,1,850.898,1360.017,2.0,611
4,1,856.898,1397.017,6.0,557
4,1,912.898,1408.017,2.0,618
4,1,886.898,1353.017,6.0,534
4,1,916.898,1347.017,2.0,589
4,1,903.898,1346.017,2.0,556
4,1,874.898,1374.017,1.0,612
4,1,919.898,1392.017,2.0,631
4,1,879.898,1414.017,2.0,578
4,1,896.898,1354.017,2.0,622
4,1,828.898,1374.017,2.0,603
4,1,858.898,1379.017,2.0,549
4,1,881.898,1362.017,2.0,579
4,1,902.898,1375.017,2.0,516
4,1,909.898,1387.017,2.0,519
4,1,832.898,1377.017,6.0,502
4,1,862.898,1369.017,2.0,539
4,1,901.898,1398.017,2.0,558
4,1,848.898,1367.017,2.0,583
4,1,920.898,1383.017,2.0,556
4,1,840.898,1380.017,2.0,544
4,1,875.898,1366.017,2.0,553
4,1,918.898,1358.017,2.0,539
4,1,930.898,1348.017,5.0,531
4,1,896.898,1404.017,2.0,610
4,1,872.898,1362.017,2.0,591
4,1,834.898,1388.017,2.0,581
4,1,874.898,1362.017,2.0,584
4,1,849.898,1407.017,6.0,482
4,1,853.898,1369.017,2.0,533
4,1,843.898,1377.017,2.0,572
4,1,853.898,1350.017,2.0,536
4,1,841.898,1373.017,2.0,523
4,1,862.898,1397.017,2.0,524
4,1,892.898,1361.017,2.0,499
4,1,862.898,1347.017,2.0,488
4,1,914.898,1399.017,2.0,529
4,1,854.898,1342.017,6.0,467
4,1,870.898,1388.017,2.0,505
4,1,904.898,1354.017,2.0,511
4,1,906.898,1382.017,2.0,520
4,1,906.898,1359.017,2.0,490
4,1,850.898,1357.017,2.0,529
4,1,883.898,1364.017,2.0,503
4,1,896.898,1343.017,2.0,600
4,1,878.898,1405.017,2.0,513
4,1,861.898,1355.017,2.0,538
4,1,867.898,1406.017,2.0,539
4,1,878.898,1407.017,2.0,520
4,1,903.898,1370.017,2.0,519
4,1,907.898,1345.017,2.0,487
4,1,896.898,1398.017,2.0,548
4,1,924.898,1348.017,2.0,479
4,1,899.898,1405.017,2.0,521
4,1,898.898,1378.017,2.0,487
4,1,866.898,1389.017,2.0,540
4,1,856.898,1369.017,2.0,494
4,1,922.898,1397.017,2.0,479
4,1,926.898,1344.017,2.0,509
4,1,918.898,1345.017,2.0,511
4,1,881.898,1368.017,6.0,515
4,1,870.898,1383.017,2.0,514
4,1,907.898,1372.017,2.0,486
4,1,884.898,1411.017,2.0,489
4,1,878.898,1363.017,2.0,590
4,1,923.898,1359.017,2.0,516
4,1,923.898,1376.017,2.0,482
4,1,847.898,1387.017,2.0,483
4,1,900.898,1349.017,2.0,479
4,1,929.898,1366.017,2.0,485
4,1,914.898,1375.017,2.0,475
4,1,860.898,1377.017,2.0,553
4,1,880.898,1350.017,2.0,507
4,1,838.898,1388.017,2.0,479
4,1,855.898,1359.017,2.0,488
4,1,927.898,1347.017,2.0,507
4,1,920.898,1386.017,0.0,491
4,1,911.898,1346.017,2.0,487
4,1,870.898,1398.017,2.0,490
4,1,899.898,1416.017,2.0,508
4,1,855.898,1372.017,2.0,469
4,1,886.898,1399.017,2.0,521
4,1,865.898,1349.017,2.0,501
4,1,895.898,1407.017,2.0,480
4,1,879.898,1398.017,2.0,517
4,1,826.898,1377.017,2.0,499
4,1,905.898,1395.017,2.0,505
4,1,866.898,1356.017,2.0,496
4,1,863.898,1376.017,2.0,501
4,1,865.898,1365.017,2.0,496
4,1,928.898,1352.017,2.0,479
4,1,882.898,1384.017,2.0,496
4,1,894.898,1413.017,2.0,472
4,1,869.898,1352.017,2.0,515
4,1,904.898,1415.017,2.0,480
4,1,863.898,1415.017,2.0,503
4,1,849.898,1397.017,2.0,521
4,1,901.898,1417.017,2.0,508
4,1,872.898,1351.017,2.0,487
4,1,866.898,1394.017,2.0,477
4,1,862.898,1384.017,2.0,501
4,1,880.898,1395.017,2.0,467
4,1,854.898,1387.017,2.0,503
4,1,909.898,1360.017,2.0,486
4,1,879.898,1358.017,6.0,555
4,1,881.898,1406.017,2.0,479
4,1,863.898,1409.017,2.0,473
4,1,887.898,1417.017,2.0,479
4,1,850.898,1385.017,2.0,472
4,1,840.898,1394.017,2.0,508
4,1,836.898,1366.017,2.0,469
4,1,919.898,1392.017,6.0,507
4,1,890.898,1417.017,2.0,468
4,1,882.898,1389.017,2.0,466
4,1,887.898,1360.017,2.0,477
4,1,874.898,1358.017,2.0,472
4,1,893.898,1351.017,2.0,474
4,1,905.898,1339.017,2.0,468
4,1,856.898,1403.017,2.0,477
4,1,892.898,1399.017,2.0,470
4,1,866.898,1374.017,2.0,488
4,1,900.898,1343.017,2.0,467
4,1,840.898,1367.017,2.0,479
4,1,869.898,1395.017,2.0,476
4,1,864.898,1355.017,2.0,473
4,1,911.898,1384.017,2.0,468
4,1,924.898,1364.017,2.0,485
4,1,876.898,1356.017,2.0,477
4,1,883.898,1408.017,2.0,468
4,1,896.898,1401.017,2.0,466
5,1,866.472,1410.125,5.0,1197
5,1,863.472,1350.125,6.0,1039
5,1,889.472,1361.125,3.0,1065
5,1,840.472,1379.125,0.0,957
5,1,861.472,1378.125,3.0,1072
5,1,846.472,1358.125,2.0,1016
5,1,920.472,1388.125,0.0,933
5,1,857.472,1380.125,3.0,1063
5,1,846.472,1397.125,4.0,1006
5,1,877.472,1371.125,1.0,1050
5,1,867.472,1366.125,4.0,1071
5,1,917.472,1342.125,2.0,858
5,1,862.472,1364.125,2.0,914
5,1,880.472,1359.125,1.0,942
5,1,869.472,1363.125,4.0,948
5,1,838.472,1369.125,0.0,716
5,1,860.472,1392.125,1.0,757
5,1,874.472,1400.125,0.0,731
5,1,901.472,1410.125,0.0,703
5,1,880.472,1366.125,2.0,790
5,1,887.472,1367.125,5.0,802
5,1,866.472,1380.125,0.0,694
5,1,917.472,1378.125,5.0,806
5,1,902.472,1394.125,6.0,666
5,1,863.472,1355.125,3.0,638
5,1,844.472,1401.125,4.0,797
5,1,876.472,1366.125,0.0,719
5,1,900.472,1406.125,5.0,684
5,1,877.472,1359.125,2.0,742
5,1,901.472,1387.125,2.0,671
5,1,872.472,1379.125,4.0,674
5,1,841.472,1353.125,2.0,603
5,1,830.472,1372.125,0.0,635
5,1,924.472,1349.125,3.0,618
5,1,834.472,1385.125,1.0,646
5,1,855.472,1375.125,4.0,582
5,1,875.472,1373.125,3.0,687
5,1,884.472,1366.125,2.0,642
5,1,865.472,1372.125,0.0,649
5,1,897.472,1398.125,2.0,627
5,1,872.472,1371.125,0.0,592
5,1,927.472,1357.125,5.0,581
5,1,884.472,1389.125,0.0,563
5,1,882.472,1417.125,4.0,565
5,1,852.472,1364.125,1.0,547
5,1,868.472,1352.125,0.0,540
5,1,858.472,1388.125,2.0,594
5,1,886.472,1364.125,4.0,634
5,1,866.472,1392.125,0.0,550
5,1,848.472,1388.125,0.0,572
5,1,869.472,1370.125,2.0,579
5,1,870.472,1395.125,0.0,545
6,1,872.432,1374.134,3.0,1145
6,1,884.432,1370.134,4.0,1107
6,1,926.432,1355.134,4.0,981
6,1,849.432,1397.134,4.0,1045
6,1,833.432,1376.134,0.0,885
6,1,875.432,1377.134,5.0,1012
6,1,866.432,1382.134,4.0,952
6,1,859.432,1375.134,3.0,933
6,1,880.432,1350.134,5.0,984
6,1,872.432,1388.134,3.0,863
6,1,849.432,1402.134,4.0,797
6,1,923.432,1357.134,5.0,1012
6,1,856.432,1377.134,3.0,863
6,1,874.432,1414.134,0.0,697
6,1,863.432,1377.134,0.0,784
6,1,918.432,1404.134,1.0,676
6,1,858.432,1406.134,3.0,648
6,1,862.432,1367.134,0.0,665
6,1,857.432,1396.134,5.0,731
6,1,864.432,1383.134,6.0,761
6,1,867.432,1362.134,3.0,680
6,1,919.432,1368.134,0.0,667
6,1,858.432,1396.134,0.0,640
6,1,857.432,1371.134,6.0,626
6,1,885.432,1364.134,3.0,614
6,1,853.432,1374.134,0.0,638
6,1,842.432,1369.134,0.0,585
6,1,851.432,1359.134,4.0,595
6,1,894.432,1396.134,0.0,549
6,1,842.432,1389.134,0.0,624
6,1,931.432,1360.134,3.0,565
6,1,916.432,1358.134,6.0,531
6,1,874.432,1367.134,1.0,536
6,1,901.432,1415.134,5.0,606
6,1,845.432,1350.134,2.0,543
6,1,916.432,1396.134,0.0,564
6,1,870.432,1367.134,0.0,596
6,1,844.432,1390.134,6.0,546
6,1,856.432,1407.134,0.0,556
6,1,927.432,1355.134,0.0,596
6,1,857.432,1368.134,0.0,529
6,1,862.432,1355.134,6.0,592
6,1,854.432,1402.134,6.0,563
6,1,919.432,1334.134,1.0,554
6,1,872.432,1357.134,4.0,540
6,1,850.432,1381.134,5.0,528
6,1,849.432,1356.134,6.0,537
6,1,894.432,1350.134,6.0,538
6,1,925.432,1362.134,1.0,531
6,1,882.432,1374.134,1.0,544
6,1,871.432,1370.134,4.0,542
6,1,880.432,1358.134,6.0,586
7,1,857.5310000000002,1382.654,0.0,1038
7,1,849.5310000000002,1391.654,2.0,911
7,1,825.5310000000002,1377.654,1.0,861
7,1,917.531,1406.654,0.0,790
7,1,855.5310000000002,1379.654,5.0,861
7,1,850.5310000000002,1387.654,6.0,744
7,1,858.5310000000002,1366.654,5.0,875
7,1,867.5310000000002,1368.654,0.0,789
7,1,869.5310000000002,1354.654,6.0,783
7,1,888.5310000000002,1375.654,4.0,755
7,1,901.531,1341.654,3.0,718
7,1,870.5310000000002,1382.654,4.0,739
7,1,871.5310000000002,1408.654,0.0,705
7,1,863.5310000000002,1374.654,3.0,685
7,1,917.531,1360.654,0.0,731
7,1,874.5310000000002,1350.654,6.0,678
7,1,834.5310000000002,1384.654,0.0,627
7,1,888.5310000000002,1365.654,6.0,591
7,1,888.5310000000002,1353.654,6.0,633
7,1,844.5310000000002,1401.654,6.0,601
7,1,916.531,1377.654,5.0,689
7,1,869.5310000000002,1365.654,4.0,644
7,1,861.5310000000002,1395.654,0.0,604
7,1,929.531,1329.654,1.0,598
7,1,932.531,1353.654,5.0,648
7,1,845.5310000000002,1358.654,2.0,605
7,1,863.5310000000002,1366.654,3.0,612
7,1,865.5310000000002,1381.654,6.0,529
7,1,871.5310000000002,1358.654,5.0,608
7,1,849.5310000000002,1367.654,3.0,609
7,1,849.5310000000002,1352.654,2.0,593
7,1,931.531,1356.654,4.0,571
7,1,895.5310000000002,1344.654,5.0,606
7,1,878.5310000000002,1376.654,4.0,570
7,1,909.531,1371.654,6.0,501
7,1,881.5310000000002,1381.654,6.0,543
7,1,924.531,1375.654,0.0,501
7,1,905.531,1408.654,0.0,501
7,1,868.5310000000002,1410.654,2.0,493
7,1,859.5310000000002,1373.654,6.0,494
7,1,905.531,1410.654,4.0,524
7,1,848.5310000000002,1387.654,0.0,537
7,1,858.5310000000002,1390.654,2.0,514
7,1,846.5310000000002,1351.654,1.0,506
7,1,872.5310000000002,1411.654,6.0,498
7,1,921.531,1344.654,0.0,530
7,1,919.531,1335.654,2.0,508
7,1,901.531,1405.654,4.0,504
7,1,917.531,1360.654,4.0,530
7,1,920.531,1392.654,1.0,524
7,1,897.5310000000002,1354.654,3.0,498
7,1,904.531,1368.654,3.0,493
7,1,920.531,1392.654,6.0,513
7,1,862.5310000000002,1355.654,3.0,507
7,1,897.5310000000002,1343.654,0.0,520
7,1,861.5310000000002,1377.654,0.0,534
7,1,880.5310000000002,1358.654,6.0,543
8,1,883.878,1366.806,4.0,1422
8,1,882.878,1368.806,0.0,1105
8,1,856.878,1385.806,0.0,893
8,1,901.878,1403.806,6.0,877
8,1,862.878,1365.806,4.0,949
8,1,858.878,1383.806,3.0,915
8,1,884.878,1376.806,0.0,861
8,1,863.878,1402.806,0.0,841
8,1,845.878,1400.806,2.0,780
8,1,895.878,1409.806,0.0,884
8,1,833.878,1384.806,0.0,751
8,1,848.878,1353.806,1.0,794
8,1,867.878,1364.806,0.0,767
8,1,896.878,1344.806,6.0,745
8,1,866.878,1381.806,6.0,729
8,1,857.878,1371.806,6.0,720
8,1,907.878,1415.806,4.0,701
8,1,898.878,1393.806,6.0,687
8,1,873.878,1350.806,6.0,766
8,1,903.878,1348.806,0.0,732
8,1,857.878,1374.806,0.0,873
8,1,849.878,1390.806,6.0,716
8,1,870.878,1408.806,0.0,655
8,1,865.878,1371.806,0.0,756
8,1,879.878,1367.806,2.0,742
8,1,870.878,1373.806,5.0,733
8,1,864.878,1376.806,0.0,735
8,1,849.878,1348.806,6.0,609
8,1,855.878,1348.806,6.0,667
8,1,892.878,1351.806,3.0,615
8,1,838.878,1377.806,1.0,622
8,1,890.878,1359.806,0.0,616
8,1,844.878,1350.806,3.0,657
8,1,861.878,1389.806,1.0,688
8,1,855.878,1365.806,0.0,612
8,1,849.878,1381.806,4.0,651
8,1,894.878,1405.806,0.0,636
8,1,880.878,1358.806,2.0,677
8,1,902.878,1407.806,1.0,611
8,1,869.878,1383.806,0.0,587
8,1,878.878,1376.806,3.0,676
8,1,865.878,1392.806,0.0,614
8,1,847.878,1387.806,0.0,578
8,1,890.878,1346.806,4.0,604
8,1,869.878,1354.806,6.0,630
8,1,841.878,1380.806,6.0,583
8,1,886.878,1359.806,0.0,588
8,1,897.878,1354.806,6.0,583
8,1,867.878,1381.806,2.0,630
8,1,851.878,1392.806,3.0,579
8,1,829.878,1374.806,3.0,580
8,1,875.878,1362.806,6.0,585
8,1,855.878,1374.806,4.0,591
8,1,897.878,1404.806,3.0,585
8,1,862.878,1355.806,0.0,577
9,1,861.7439999999998,1377.0929999999996,4.0,1363
9,1,907.744,1355.0929999999996,0.0,1251
9,1,887.7439999999998,1366.0929999999996,4.0,1201
9,1,845.7439999999998,1399.0929999999996,2.0,1271
9,1,908.744,1392.0929999999996,3.0,1217
9,1,920.744,1388.0929999999996,0.0,1117
9,1,839.7439999999998,1371.0929999999996,0.0,859
9,1,855.7439999999998,1383.0929999999996,3.0,900
9,1,870.7439999999998,1405.0929999999996,6.0,843
9,1,864.7439999999998,1383.0929999999996,6.0,858
9,1,857.7439999999998,1367.0929999999996,5.0,836
9,1,848.7439999999998,1403.0929999999996,5.0,875
9,1,878.7439999999998,1379.0929999999996,1.0,840
9,1,901.744,1410.0929999999996,0.0,750
9,1,869.7439999999998,1363.0929999999996,4.0,757
9,1,860.7439999999998,1361.0929999999996,6.0,737
9,1,854.7439999999998,1375.0929999999996,3.0,701
9,1,894.7439999999998,1368.0929999999996,6.0,724
9,1,864.7439999999998,1371.0929999999996,4.0,713
9,1,895.7439999999998,1356.0929999999996,6.0,678
9,1,867.7439999999998,1367.0929999999996,4.0,784
9,1,880.7439999999998,1366.0929999999996,2.0,668
9,1,910.744,1362.0929999999996,5.0,744
9,1,875.7439999999998,1357.0929999999996,6.0,659
9,1,893.7439999999998,1396.0929999999996,0.0,646
9,1,841.7439999999998,1380.0929999999996,0.0,612
9,1,883.7439999999998,1374.0929999999996,2.0,670
9,1,857.7439999999998,1413.0929999999996,1.0,655
9,1,891.7439999999998,1376.0929999999996,4.0,639
9,1,925.744,1345.0929999999996,4.0,672
9,1,925.744,1363.0929999999996,0.0,600
9,1,845.7439999999998,1357.0929999999996,2.0,636
9,1,898.7439999999998,1400.0929999999996,0.0,564
9,1,852.7439999999998,1381.0929999999996,3.0,691
9,1,896.7439999999998,1349.0929999999996,6.0,570
9,1,862.7439999999998,1366.0929999999996,6.0,619
9,1,904.744,1390.0929999999996,6.0,560
9,1,910.744,1372.0929999999996,6.0,518
9,1,850.7439999999998,1389.0929999999996,6.0,584
9,1,912.744,1356.0929999999996,0.0,567
9,1,927.744,1336.0929999999996,0.0,524
9,1,862.7439999999998,1389.0929999999996,0.0,520
9,1,910.744,1387.0929999999996,0.0,524
9,1,873.7439999999998,1382.0929999999996,0.0,530
9,1,873.7439999999998,1363.0929999999996,6.0,538
10,1,866.778,1382.11,4.0,1302
10,1,925.778,1355.11,4.0,1103
10,1,856.778,1397.11,6.0,1144
10,1,878.778,1368.11,0.0,1071
10,1,888.778,1361.11,3.0,997
10,1,848.778,1391.11,2.0,1013
10,1,867.778,1362.11,3.0,901
10,1,874.778,1414.11,0.0,784
10,1,849.778,1397.11,3.0,921
10,1,882.778,1370.11,3.0,908
10,1,888.778,1353.11,6.0,844
10,1,834.778,1362.11,0.0,785
10,1,855.778,1358.11,6.0,888
10,1,849.778,1352.11,2.0,942
10,1,858.778,1406.11,3.0,857
10,1,896.778,1346.11,4.0,780
10,1,873.778,1371.11,6.0,910
10,1,901.778,1409.11,0.0,818
10,1,855.778,1379.11,5.0,930
10,1,849.778,1355.11,6.0,836
10,1,846.778,1402.11,6.0,779
10,1,858.778,1392.11,0.0,810
10,1,924.778,1368.11,3.0,756
10,1,874.778,1374.11,0.0,885
10,1,856.778,1386.11,6.0,816
10,1,853.778,1368.11,1.0,823
10,1,901.778,1394.11,6.0,657
10,1,869.778,1373.11,2.0,877
10,1,871.778,1389.11,0.0,582
10,1,883.778,1350.11,5.0,682
10,1,876.778,1359.11,6.0,637
10,1,892.778,1403.11,0.0,689
10,1,915.778,1380.11,6.0,580
10,1,909.778,1408.11,0.0,679
10,1,870.778,1353.11,6.0,758
10,1,860.778,1379.11,0.0,641
10,1,888.778,1385.11,3.0,618
10,1,850.778,1360.11,1.0,740
10,1,866.778,1381.11,0.0,741
10,1,909.778,1404.11,6.0,628
10,1,861.778,1390.11,5.0,702
10,1,838.778,1387.11,0.0,610
10,1,842.778,1375.11,0.0,566
10,1,899.778,1375.11,6.0,556
10,1,878.778,1381.11,5.0,630
10,1,841.778,1364.11,0.0,594
10,1,873.778,1363.11,3.0,689
10,1,900.778,1402.11,2.0,610
10,1,919.778,1338.11,3.0,541
10,1,848.778,1380.11,0.0,622
10,1,879.778,1408.11,0.0,599
10,1,872.778,1367.11,4.0,678
10,1,849.778,1387.11,6.0,680
10,1,924.778,1349.11,3.0,571
10,1,905.778,1406.11,2.0,623
10,1,880.778,1374.11,6.0,637
10,1,880.778,1373.11,1.0,707
10,1,880.778,1359.11,3.0,679
10,1,906.778,1396.11,0.0,536
10,1,846.778,1403.11,0.0,652
10,1,897.778,1405.11,2.0,607
10,1,862.778,1368.11,3.0,572
10,1,841.778,1388.11,4.0,546
10,1,847.778,1387.11,0.0,674
10,1,863.778,1398.11,1.0,545
10,1,858.778,1374.11,0.0,554
10,1,844.778,1353.11,3.0,564
10,1,845.778,1358.11,2.0,546
10,1,845.778,1389.11,6.0,614
10,1,852.778,1410.11,5.0,545
10,1,875.778,1359.11,0.0,557
10,1,835.778,1389.11,0.0,565
10,1,876.778,1369.11,3.0,713
10,1,854.778,1354.11,6.0,565
10,1,854.778,1381.11,0.0,591
10,1,853.778,1385.11,4.0,598
10,1,897.778,1405.11,6.0,532
10,1,847.778,1384.11,2.0,613
10,1,862.778,1356.11,3.0,568
10,1,856.778,1401.11,0.0,598
10,1,848.778,1400.11,0.0,620
10,1,865.778,1362.11,0.0,532
10,1,848.778,1349.11,6.0,610
10,1,890.778,1346.11,1.0,545
11,1,861.68,1378.2579999999996,3.0,1389
11,1,846.68,1398.2579999999996,2.0,1225
11,1,865.68,1349.2579999999996,4.0,1250
11,1,863.68,1350.2579999999996,6.0,1212
11,1,852.68,1380.2579999999996,0.0,920
11,1,867.68,1353.2579999999996,5.0,1109
11,1,838.68,1369.2579999999996,0.0,848
11,1,846.68,1358.2579999999996,2.0,950
11,1,877.68,1359.2579999999996,2.0,809
11,1,833.68,1385.2579999999996,0.0,768
11,1,877.68,1370.2579999999996,0.0,757
11,1,858.68,1361.2579999999996,3.0,726
11,1,916.68,1404.2579999999996,4.0,643
11,1,869.68,1372.2579999999996,0.0,626
11,1,915.68,1357.2579999999996,4.0,701
11,1,887.68,1367.2579999999996,5.0,717
11,1,900.68,1405.2579999999996,5.0,741
11,1,888.68,1361.2579999999996,2.0,588
11,1,849.68,1358.2579999999996,1.0,634
11,1,864.68,1361.2579999999996,6.0,595
11,1,846.68,1402.2579999999996,1.0,588
11,1,916.68,1377.2579999999996,5.0,581
11,1,830.68,1372.2579999999996,0.0,541
11,1,842.68,1353.2579999999996,2.0,588
11,1,874.68,1390.2579999999996,6.0,573
11,1,859.68,1410.2579999999996,4.0,541
11,1,863.68,1355.2579999999996,3.0,628
11,1,862.68,1357.2579999999996,2.0,561
11,1,882.68,1364.2579999999996,1.0,553
11,1,848.68,1388.2579999999996,0.0,523
11,1,880.68,1383.2579999999996,0.0,537
11,1,886.68,1360.2579999999996,5.0,590
11,1,865.68,1391.2579999999996,0.0,525
11,1,858.68,1401.2579999999996,0.0,534
11,1,897.68,1355.2579999999996,0.0,525
11,1,895.68,1418.2579999999996,0.0,526
11,1,875.68,1363.2579999999996,4.0,547
11,1,849.68,1368.2579999999996,0.0,524
11,1,897.68,1355.2579999999996,5.0,522
11,1,853.68,1341.2579999999996,6.0,517
11,1,897.68,1405.2579999999996,0.0,535
12,1,874.493,1367.4820000000002,1.0,1298
12,1,917.493,1342.4820000000002,2.0,1158
12,1,854.493,1380.4820000000002,5.0,1032
12,1,927.493,1339.4820000000002,3.0,886
12,1,870.493,1365.4820000000002,2.0,913
12,1,825.493,1377.4820000000002,1.0,809
12,1,851.493,1343.4820000000002,3.0,681
12,1,901.493,1404.4820000000002,4.0,669
12,1,866.493,1365.4820000000002,4.0,746
12,1,896.493,1358.4820000000002,2.0,723
12,1,827.493,1373.4820000000002,4.0,691
12,1,869.493,1369.4820000000002,3.0,828
12,1,845.493,1401.4820000000002,6.0,621
12,1,916.493,1407.4820000000002,0.0,590
12,1,881.493,1370.4820000000002,0.0,679
12,1,853.493,1374.4820000000002,4.0,643
12,1,901.493,1341.4820000000002,2.0,612
12,1,875.493,1379.4820000000002,0.0,637
12,1,867.493,1368.4820000000002,0.0,756
12,1,888.493,1365.4820000000002,6.0,567
12,1,856.493,1405.4820000000002,6.0,582
12,1,859.493,1384.4820000000002,1.0,602
12,1,921.493,1340.4820000000002,4.0,582
12,1,854.493,1354.4820000000002,6.0,578
12,1,923.493,1338.4820000000002,0.0,612
12,1,873.493,1371.4820000000002,0.0,683
12,1,859.493,1406.4820000000002,2.0,621
12,1,908.493,1359.4820000000002,3.0,608
12,1,874.493,1354.4820000000002,6.0,544
12,1,908.493,1360.4820000000002,6.0,563
12,1,850.493,1390.4820000000002,4.0,605
12,1,900.493,1410.4820000000002,2.0,561
12,1,882.493,1375.4820000000002,5.0,576
12,1,856.493,1364.4820000000002,2.0,540
12,1,852.493,1390.4820000000002,1.0,567
12,1,896.493,1348.4820000000002,6.0,556
12,1,848.493,1387.4820000000002,0.0,542
12,1,900.493,1384.4820000000002,1.0,545
12,1,875.493,1363.4820000000002,1.0,600
12,1,920.493,1393.4820000000002,0.0,541
12,1,880.493,1359.4820000000002,0.0,532
12,1,880.493,1359.4820000000002,6.0,533
13,1,833.382,1378.635,1.0,1138
13,1,846.382,1395.635,4.0,1021
13,1,873.382,1419.635,0.0,995
13,1,898.382,1405.635,4.0,1058
13,1,875.382,1376.635,6.0,1034
13,1,860.382,1412.635,2.0,959
13,1,863.382,1363.635,4.0,972
13,1,859.382,1389.635,2.0,1059
13,1,842.382,1389.635,0.0,925
13,1,872.382,1374.635,3.0,913
13,1,859.382,1374.635,4.0,850
13,1,876.382,1379.635,0.0,821
13,1,888.382,1375.635,5.0,828
13,1,859.382,1373.635,6.0,806
13,1,845.382,1350.635,2.0,781
13,1,864.382,1382.635,6.0,669
13,1,862.382,1366.635,0.0,756
13,1,882.382,1412.635,6.0,671
13,1,882.382,1418.635,0.0,636
13,1,855.382,1377.635,3.0,709
13,1,880.382,1395.635,6.0,604
13,1,909.382,1407.635,1.0,620
13,1,869.382,1376.635,5.0,706
13,1,917.382,1403.635,1.0,673
13,1,882.382,1354.635,2.0,657
13,1,919.382,1388.635,2.0,614
13,1,854.382,1374.635,0.0,583
13,1,849.382,1407.635,6.0,539
13,1,848.382,1387.635,0.0,610
13,1,911.382,1392.635,6.0,538
13,1,881.382,1360.635,4.0,523
13,1,855.382,1353.635,3.0,557
13,1,857.382,1395.635,1.0,606
13,1,840.382,1365.635,0.0,530
13,1,931.382,1360.635,3.0,604
13,1,853.382,1403.635,0.0,619
13,1,924.382,1349.635,6.0,524
13,1,865.382,1350.635,2.0,549
13,1,885.382,1364.635,3.0,540
13,1,869.382,1365.635,4.0,586
13,1,853.382,1350.635,5.0,580
13,1,894.382,1415.635,1.0,524
13,1,903.382,1396.635,6.0,521
13,1,882.382,1373.635,0.0,562
13,1,870.382,1367.635,0.0,549
13,1,886.382,1415.635,2.0,548
13,1,856.382,1406.635,0.0,557
13,1,861.382,1370.635,3.0,557
13,1,846.382,1348.635,0.0,619
13,1,832.382,1382.635,4.0,565
13,1,921.382,1378.635,0.0,522
13,1,858.382,1369.635,4.0,526
13,1,864.382,1368.635,2.0,562
13,1,845.382,1378.635,0.0,528
13,1,845.382,1378.635,5.0,534
14,1,883.49,1357.33,2.0,1449
14,1,840.49,1379.33,0.0,1040
14,1,911.49,1408.33,2.0,981
14,1,897.49,1375.33,0.0,972
14,1,860.49,1388.33,0.0,856
14,1,884.49,1378.33,4.0,947
14,1,874.49,1375.33,6.0,946
14,1,851.49,1374.33,0.0,786
14,1,934.49,1354.33,1.0,760
14,1,866.49,1380.33,0.0,802
14,1,888.49,1377.33,0.0,785
14,1,919.49,1391.33,6.0,762
14,1,875.49,1380.33,4.0,808
14,1,903.49,1362.33,0.0,681
14,1,875.49,1376.33,2.0,837
14,1,876.49,1366.33,1.0,770
14,1,931.49,1348.33,5.0,675
14,1,854.49,1353.33,0.0,623
14,1,923.49,1367.33,2.0,656
14,1,860.49,1379.33,1.0,704
14,1,837.49,1389.33,0.0,616
14,1,884.49,1366.33,2.0,697
14,1,895.49,1347.33,4.0,602
14,1,848.49,1387.33,0.0,593
14,1,876.49,1374.33,1.0,805
14,1,910.49,1394.33,5.0,687
14,1,931.49,1344.33,3.0,569
14,1,899.49,1352.33,6.0,578
14,1,905.49,1410.33,4.0,573
14,1,846.49,1368.33,1.0,537
14,1,892.49,1351.33,5.0,664
14,1,863.49,1374.33,3.0,577
14,1,917.49,1378.33,5.0,627
14,1,917.49,1406.33,0.0,533
14,1,904.49,1375.33,3.0,547
14,1,832.49,1377.33,6.0,543
14,1,860.49,1394.33,0.0,552
14,1,878.49,1383.33,0.0,564
14,1,887.49,1352.33,6.0,561
14,1,859.49,1380.33,4.0,564
14,1,869.49,1407.33,4.0,550
14,1,866.49,1353.33,0.0,550
14,1,871.49,1371.33,5.0,578
15,1,857.794,1383.474,0.0,1043
15,1,848.794,1357.474,0.0,1046
15,1,845.794,1384.474,2.0,1067
15,1,880.794,1350.474,5.0,980
15,1,855.794,1408.474,6.0,936
15,1,858.794,1390.474,3.0,951
15,1,850.794,1377.474,3.0,936
15,1,903.794,1410.474,0.0,816
15,1,866.794,1410.474,5.0,916
15,1,859.794,1373.474,6.0,806
15,1,847.794,1402.474,0.0,892
15,1,870.794,1383.474,4.0,817
15,1,889.794,1356.474,5.0,794
15,1,857.794,1379.474,3.0,778
15,1,851.794,1383.474,5.0,843
15,1,842.794,1369.474,0.0,647
15,1,917.794,1361.474,0.0,681
15,1,852.794,1361.474,1.0,774
15,1,848.794,1348.474,5.0,730
15,1,861.794,1364.474,1.0,713
15,1,887.794,1424.474,0.0,626
15,1,888.794,1375.474,4.0,634
15,1,848.794,1393.474,4.0,741
15,1,850.794,1380.474,5.0,806
15,1,854.794,1389.474,0.0,653
15,1,850.794,1387.474,6.0,668
15,1,920.794,1355.474,0.0,587
15,1,886.794,1364.474,4.0,651
15,1,901.794,1404.474,6.0,578
15,1,871.794,1357.474,6.0,600
15,1,844.794,1401.474,4.0,640
15,1,896.794,1360.474,1.0,544
15,1,839.794,1384.474,6.0,583
15,1,878.794,1374.474,0.0,612
15,1,858.794,1358.474,0.0,526
15,1,852.794,1393.474,0.0,567
15,1,879.794,1417.474,0.0,528
15,1,853.794,1403.474,0.0,603
15,1,881.794,1376.474,3.0,545
15,1,874.794,1354.474,3.0,539
15,1,898.794,1355.474,2.0,552
15,1,881.794,1359.474,6.0,544
16,1,845.9810000000001,1384.457,2.0,1278
16,1,848.9810000000001,1391.457,2.0,1117
16,1,920.981,1388.457,0.0,1045
16,1,865.9810000000001,1365.457,4.0,1148
16,1,845.9810000000001,1398.457,2.0,1130
16,1,868.9810000000001,1363.457,4.0,1124
16,1,857.9810000000001,1377.457,3.0,964
16,1,887.9810000000001,1375.457,5.0,914
16,1,849.9810000000001,1355.457,6.0,787
16,1,878.9810000000001,1365.457,6.0,765
16,1,901.981,1341.457,2.0,765
16,1,923.981,1337.457,0.0,690
16,1,827.9810000000001,1373.457,4.0,634
16,1,864.9810000000001,1382.457,6.0,666
16,1,857.9810000000001,1366.457,5.0,703
16,1,875.9810000000001,1363.457,0.0,602
16,1,895.9810000000001,1358.457,2.0,637
16,1,854.9810000000001,1383.457,4.0,661
16,1,851.9810000000001,1410.457,5.0,683
16,1,859.9810000000001,1373.457,6.0,606
16,1,901.981,1409.457,0.0,570
16,1,864.9810000000001,1361.457,6.0,680
16,1,871.9810000000001,1370.457,0.0,609
16,1,923.981,1374.457,0.0,601
16,1,904.981,1407.457,5.0,668
16,1,871.9810000000001,1348.457,3.0,617
16,1,877.9810000000001,1377.457,0.0,550
16,1,927.981,1348.457,6.0,561
16,1,898.9810000000001,1355.457,0.0,619
16,1,907.981,1356.457,3.0,524
16,1,898.9810000000001,1384.457,0.0,567
16,1,916.981,1376.457,5.0,523
16,1,842.9810000000001,1369.457,0.0,526
16,1,862.9810000000001,1415.457,0.0,523
16,1,868.9810000000001,1372.457,0.0,561
16,1,874.9810000000001,1393.457,6.0,538
16,1,870.9810000000001,1411.457,3.0,550
16,1,864.9810000000001,1372.457,1.0,519
16,1,883.9810000000001,1374.457,6.0,548
16,1,845.9810000000001,1378.457,5.0,533
16,1,898.9810000000001,1405.457,4.0,525
16,1,853.9810000000001,1354.457,1.0,525
16,1,921.981,1344.457,0.0,532
16,1,881.9810000000001,1359.457,6.0,569
17,1,854.2130000000002,1366.82,0.0,1354
17,1,866.2130000000002,1410.82,5.0,1264
17,1,859.2130000000002,1390.82,3.0,1004
17,1,840.2130000000002,1378.82,0.0,885
17,1,849.2130000000002,1351.82,2.0,850
17,1,865.2130000000002,1383.82,6.0,761
17,1,849.2130000000002,1393.82,4.0,922
17,1,886.2130000000002,1363.82,4.0,836
17,1,852.2130000000002,1361.82,1.0,877
17,1,877.2130000000002,1369.82,2.0,871
17,1,856.2130000000002,1357.82,6.0,827
17,1,847.2130000000002,1402.82,0.0,917
17,1,862.2130000000002,1363.82,1.0,806
17,1,887.2130000000002,1415.82,2.0,776
17,1,846.2130000000002,1399.82,2.0,874
17,1,876.2130000000002,1366.82,2.0,764
17,1,858.2130000000002,1412.82,2.0,756
17,1,857.2130000000002,1379.82,3.0,708
17,1,934.213,1354.82,1.0,723
17,1,908.213,1415.82,0.0,687
17,1,873.2130000000002,1370.82,6.0,690
17,1,857.2130000000002,1385.82,6.0,673
17,1,868.2130000000002,1367.82,0.0,674
17,1,896.2130000000002,1360.82,1.0,656
17,1,855.2130000000002,1389.82,0.0,712
17,1,844.2130000000002,1400.82,4.0,844
17,1,847.2130000000002,1401.82,6.0,678
17,1,884.2130000000002,1365.82,2.0,632
17,1,848.2130000000002,1387.82,0.0,641
17,1,909.213,1349.82,0.0,580
17,1,926.213,1355.82,6.0,569
17,1,917.213,1377.82,5.0,590
17,1,904.213,1350.82,2.0,539
17,1,870.2130000000002,1394.82,0.0,628
17,1,898.2130000000002,1409.82,0.0,590
17,1,880.2130000000002,1374.82,6.0,552
17,1,909.213,1407.82,0.0,541
17,1,865.2130000000002,1364.82,3.0,620
17,1,885.2130000000002,1411.82,3.0,541
17,1,895.2130000000002,1346.82,4.0,540
17,1,882.2130000000002,1416.82,4.0,534
17,1,854.2130000000002,1403.82,0.0,537
17,1,890.2130000000002,1356.82,5.0,537
17,1,878.2130000000002,1376.82,4.0,556
17,1,879.2130000000002,1412.82,2.0,529
17,1,845.2130000000002,1383.82,0.0,536
17,1,882.2130000000002,1399.82,5.0,536
17,1,882.2130000000002,1359.82,6.0,583
18,1,863.4680000000002,1402.43,0.0,1151
18,1,875.4680000000002,1379.43,0.0,1179
18,1,870.4680000000002,1365.43,2.0,1150
18,1,863.4680000000002,1364.43,4.0,1074
18,1,861.4680000000002,1389.43,1.0,1076
18,1,886.4680000000002,1376.43,0.0,1000
18,1,903.468,1349.43,0.0,945
18,1,882.4680000000002,1373.43,0.0,914
18,1,901.468,1405.43,4.0,805
18,1,885.4680000000002,1354.43,2.0,860
18,1,846.4680000000002,1395.43,4.0,724
18,1,918.468,1361.43,0.0,778
18,1,850.4680000000002,1387.43,6.0,748
18,1,881.4680000000002,1359.43,1.0,743
18,1,864.4680000000002,1383.43,6.0,734
18,1,883.4680000000002,1374.43,2.0,887
18,1,880.4680000000002,1366.43,3.0,722
18,1,832.4680000000002,1383.43,0.0,672
18,1,890.4680000000002,1367.43,4.0,742
18,1,875.4680000000002,1374.43,5.0,773
18,1,899.4680000000002,1398.43,4.0,613
18,1,848.4680000000002,1379.43,0.0,702
18,1,901.468,1409.43,0.0,688
18,1,875.4680000000002,1354.43,3.0,665
18,1,848.4680000000002,1387.43,0.0,618
18,1,859.4680000000002,1397.43,6.0,552
18,1,870.4680000000002,1408.43,0.0,554
18,1,867.4680000000002,1366.43,4.0,733
18,1,912.468,1406.43,4.0,605
18,1,829.4680000000002,1373.43,1.0,572
18,1,862.4680000000002,1371.43,3.0,605
18,1,860.4680000000002,1394.43,0.0,598
18,1,847.4680000000002,1368.43,1.0,565
18,1,916.468,1407.43,0.0,555
18,1,852.4680000000002,1390.43,1.0,598
18,1,922.468,1393.43,0.0,643
18,1,885.4680000000002,1364.43,3.0,591
18,1,866.4680000000002,1371.43,0.0,552
18,1,910.468,1409.43,2.0,520
18,1,850.4680000000002,1390.43,4.0,591
18,1,891.4680000000002,1347.43,4.0,545
18,1,871.4680000000002,1380.43,5.0,573
18,1,841.4680000000002,1387.43,6.0,511
18,1,846.4680000000002,1388.43,6.0,557
18,1,902.468,1360.43,3.0,519
18,1,882.4680000000002,1359.43,6.0,611
18,1,878.4680000000002,1374.43,0.0,578
18,1,890.4680000000002,1346.43,0.0,546
18,1,856.4680000000002,1407.43,0.0,510
18,1,855.4680000000002,1341.43,0.0,516
18,1,884.4680000000002,1369.43,6.0,539
18,1,899.4680000000002,1355.43,0.0,530
18,1,869.4680000000002,1375.43,0.0,522
18,1,882.4680000000002,1375.43,5.0,567
19,1,882.9760000000001,1357.557,1.0,1193
19,1,846.9760000000001,1397.557,2.0,1239
19,1,851.9760000000001,1373.557,0.0,1157
19,1,900.976,1405.557,5.0,1091
19,1,903.976,1409.557,0.0,954
19,1,849.9760000000001,1377.557,3.0,980
19,1,865.9760000000001,1382.557,4.0,906
19,1,847.9760000000001,1357.557,0.0,824
19,1,887.9760000000001,1424.557,0.0,924
19,1,855.9760000000001,1408.557,6.0,808
19,1,916.976,1342.557,2.0,905
19,1,858.9760000000001,1384.557,3.0,867
19,1,869.9760000000001,1365.557,4.0,765
19,1,857.9760000000001,1382.557,0.0,805
19,1,847.9760000000001,1348.557,5.0,823
19,1,869.9760000000001,1354.557,6.0,702
19,1,915.976,1404.557,4.0,643
19,1,858.9760000000001,1373.557,6.0,654
19,1,854.9760000000001,1353.557,0.0,685
19,1,900.976,1386.557,2.0,707
19,1,873.9760000000001,1350.557,6.0,649
19,1,915.976,1379.557,6.0,579
19,1,849.9760000000001,1396.557,4.0,718
19,1,888.9760000000001,1375.557,4.0,661
19,1,857.9760000000001,1388.557,2.0,685
19,1,833.9760000000001,1384.557,0.0,606
19,1,904.976,1372.557,6.0,545
19,1,930.976,1348.557,5.0,613
19,1,898.9760000000001,1343.557,2.0,601
19,1,873.9760000000001,1413.557,0.0,591
19,1,861.9760000000001,1396.557,0.0,598
19,1,912.976,1408.557,3.0,627
19,1,892.9760000000001,1351.557,5.0,631
19,1,837.9760000000001,1377.557,1.0,533
19,1,863.9760000000001,1367.557,3.0,629
19,1,847.9760000000001,1387.557,0.0,606
19,1,921.976,1371.557,2.0,536
19,1,873.9760000000001,1371.557,0.0,568
19,1,877.9760000000001,1369.557,0.0,586
19,1,854.9760000000001,1354.557,6.0,574
19,1,854.9760000000001,1400.557,0.0,570
19,1,932.976,1353.557,5.0,560
19,1,828.9760000000001,1383.557,4.0,565
19,1,912.976,1352.557,6.0,535
19,1,862.9760000000001,1346.557,6.0,553
19,1,880.9760000000001,1352.557,4.0,567
19,1,852.9760000000001,1361.557,0.0,531
19,1,922.976,1393.557,6.0,547
19,1,863.9760000000001,1367.557,0.0,538
19,1,877.9760000000001,1355.557,6.0,531
19,1,879.9760000000001,1370.557,3.0,530
19,1,846.9760000000001,1353.557,2.0,521
19,1,922.976,1393.557,0.0,530
19,1,899.9760000000001,1355.557,6.0,518
19,1,923.976,1384.557,2.0,537
19,1,899.9760000000001,1355.557,4.0,557
19,1,899.9760000000001,1355.557,0.0,531
19,1,853.9760000000001,1358.557,6.0,532
20,1,884.253,1370.6229999999996,4.0,1141
20,1,926.253,1354.6229999999996,4.0,991
20,1,858.253,1374.6229999999996,0.0,1076
20,1,883.253,1368.6229999999996,0.0,870
20,1,896.253,1346.6229999999996,4.0,888
20,1,902.253,1403.6229999999996,6.0,808
20,1,860.253,1388.6229999999996,0.0,793
20,1,865.253,1349.6229999999996,4.0,827
20,1,844.253,1389.6229999999996,6.0,777
20,1,867.253,1361.6229999999996,4.0,811
20,1,872.253,1372.6229999999996,4.0,871
20,1,891.253,1360.6229999999996,0.0,722
20,1,847.253,1400.6229999999996,4.0,779
20,1,885.253,1376.6229999999996,2.0,831
20,1,867.253,1364.6229999999996,1.0,794
20,1,872.253,1387.6229999999996,3.0,790
20,1,882.253,1376.6229999999996,3.0,824
20,1,876.253,1356.6229999999996,6.0,733
20,1,923.253,1356.6229999999996,6.0,683
20,1,902.253,1374.6229999999996,2.0,673
20,1,861.253,1361.6229999999996,6.0,697
20,1,856.253,1400.6229999999996,6.0,670
20,1,856.253,1372.6229999999996,6.0,606
20,1,857.253,1395.6229999999996,6.0,597
20,1,848.253,1387.6229999999996,0.0,654
20,1,918.253,1360.6229999999996,0.0,622
20,1,920.253,1355.6229999999996,0.0,646
20,1,867.253,1381.6229999999996,6.0,569
20,1,870.253,1355.6229999999996,3.0,612
20,1,863.253,1382.6229999999996,0.0,672
20,1,851.253,1348.6229999999996,6.0,601
20,1,850.253,1381.6229999999996,4.0,616
20,1,856.253,1353.6229999999996,3.0,587
20,1,876.253,1374.6229999999996,1.0,699
20,1,888.253,1384.6229999999996,3.0,585
20,1,899.253,1393.6229999999996,6.0,561
20,1,858.253,1401.6229999999996,0.0,584
20,1,916.253,1370.6229999999996,3.0,576
20,1,895.253,1405.6229999999996,0.0,556
20,1,879.253,1377.6229999999996,3.0,617
20,1,859.253,1395.6229999999996,0.0,559
20,1,852.253,1380.6229999999996,3.0,554
20,1,881.253,1355.6229999999996,5.0,630
20,1,851.253,1375.6229999999996,3.0,557
20,1,865.253,1406.6229999999996,3.0,553
20,1,865.253,1377.6229999999996,0.0,565
20,1,883.253,1359.6229999999996,0.0,543
20,1,847.253,1378.6229999999996,2.0,570
21,1,880.2289999999998,1350.188,6.0,1277
21,1,848.2289999999998,1397.188,4.0,1342
21,1,859.2289999999998,1389.188,2.0,1198
21,1,862.2289999999998,1378.188,4.0,1312
21,1,863.2289999999998,1350.188,6.0,1121
21,1,894.2289999999998,1396.188,0.0,1054
21,1,875.2289999999998,1376.188,6.0,1183
21,1,866.2289999999998,1380.188,0.0,1136
21,1,842.2289999999998,1389.188,0.0,1092
21,1,878.2289999999998,1369.188,0.0,960
21,1,854.2289999999998,1380.188,6.0,1045
21,1,862.2289999999998,1366.188,0.0,864
21,1,859.2289999999998,1374.188,6.0,1024
21,1,850.2289999999998,1380.188,4.0,956
21,1,927.229,1355.188,0.0,863
21,1,859.2289999999998,1375.188,4.0,1065
21,1,846.2289999999998,1358.188,2.0,896
21,1,842.2289999999998,1353.188,3.0,1035
21,1,834.2289999999998,1385.188,0.0,854
21,1,870.2289999999998,1383.188,4.0,882
21,1,840.2289999999998,1371.188,0.0,840
21,1,883.2289999999998,1373.188,0.0,896
21,1,888.2289999999998,1361.188,2.0,893
21,1,856.2289999999998,1377.188,3.0,958
21,1,833.2289999999998,1376.188,0.0,784
21,1,893.2289999999998,1403.188,0.0,817
21,1,830.2289999999998,1372.188,0.0,719
21,1,872.2289999999998,1374.188,3.0,956
21,1,869.2289999999998,1377.188,5.0,886
21,1,845.2289999999998,1351.188,3.0,769
21,1,887.2289999999998,1367.188,5.0,772
21,1,898.2289999999998,1400.188,0.0,722
21,1,900.2289999999998,1405.188,5.0,636
21,1,854.2289999999998,1368.188,2.0,804
21,1,854.2289999999998,1374.188,0.0,737
21,1,894.2289999999998,1416.188,1.0,754
21,1,911.229,1362.188,5.0,731
21,1,877.2289999999998,1359.188,2.0,712
21,1,884.2289999999998,1367.188,4.0,751
21,1,884.2289999999998,1389.188,0.0,659
21,1,924.229,1349.188,6.0,647
21,1,855.2289999999998,1353.188,3.0,666
21,1,854.2289999999998,1350.188,6.0,660
21,1,846.2289999999998,1374.188,0.0,593
21,1,910.229,1356.188,3.0,597
21,1,865.2289999999998,1350.188,2.0,626
21,1,891.2289999999998,1346.188,0.0,680
21,1,926.229,1363.188,1.0,647
21,1,866.2289999999998,1391.188,0.0,617
21,1,901.229,1410.188,2.0,631
21,1,888.2289999999998,1353.188,6.0,595
21,1,838.2289999999998,1377.188,6.0,588
21,1,849.2289999999998,1349.188,5.0,647
21,1,863.2289999999998,1368.188,3.0,680
21,1,834.2289999999998,1362.188,1.0,606
21,1,931.229,1360.188,3.0,623
21,1,844.2289999999998,1401.188,6.0,593
21,1,849.2289999999998,1402.188,3.0,621
21,1,849.2289999999998,1357.188,6.0,552
21,1,926.229,1339.188,3.0,547
21,1,861.2289999999998,1367.188,4.0,659
21,1,857.2289999999998,1371.188,6.0,660
21,1,852.2289999999998,1402.188,1.0,616
21,1,857.2289999999998,1395.188,2.0,668
21,1,856.2289999999998,1364.188,3.0,643
21,1,882.2289999999998,1376.188,3.0,618
21,1,857.2289999999998,1397.188,6.0,559
21,1,848.2289999999998,1388.188,0.0,664
21,1,865.2289999999998,1412.188,0.0,600
21,1,845.2289999999998,1389.188,6.0,542
21,1,852.2289999999998,1364.188,2.0,607
21,1,901.229,1402.188,2.0,560
21,1,848.2289999999998,1387.188,4.0,653
21,1,872.2289999999998,1369.188,5.0,615
21,1,883.2289999999998,1364.188,0.0,566
21,1,851.2289999999998,1391.188,3.0,552
21,1,838.2289999999998,1385.188,0.0,547
21,1,846.2289999999998,1346.188,0.0,561
21,1,850.2289999999998,1385.188,4.0,597
21,1,881.2289999999998,1356.188,5.0,553
22,1,881.4119999999998,1358.453,1.0,1100
22,1,887.4119999999998,1366.453,4.0,1131
22,1,852.4119999999998,1379.453,1.0,965
22,1,898.4119999999998,1375.453,0.0,996
22,1,833.4119999999998,1378.453,2.0,925
22,1,857.4119999999998,1386.453,1.0,981
22,1,878.4119999999998,1379.453,0.0,819
22,1,860.4119999999998,1412.453,3.0,937
22,1,873.4119999999998,1419.453,1.0,747
22,1,849.4119999999998,1353.453,1.0,760
22,1,909.412,1407.453,2.0,816
22,1,894.4119999999998,1408.453,2.0,740
22,1,917.412,1404.453,1.0,699
22,1,863.4119999999998,1385.453,0.0,847
22,1,899.4119999999998,1405.453,5.0,692
22,1,882.4119999999998,1419.453,0.0,611
22,1,929.412,1329.453,1.0,730
22,1,884.4119999999998,1367.453,4.0,776
22,1,851.4119999999998,1383.453,5.0,683
22,1,881.4119999999998,1370.453,1.0,686
22,1,858.4119999999998,1361.453,3.0,559
22,1,913.412,1401.453,4.0,627
22,1,881.4119999999998,1412.453,6.0,574
22,1,903.412,1375.453,4.0,602
22,1,902.412,1374.453,2.0,631
22,1,859.4119999999998,1406.453,2.0,602
22,1,853.4119999999998,1393.453,0.0,600
22,1,848.4119999999998,1387.453,0.0,588
22,1,848.4119999999998,1348.453,6.0,591
22,1,856.4119999999998,1405.453,5.0,545
22,1,859.4119999999998,1396.453,0.0,559
22,1,904.412,1411.453,3.0,598
22,1,878.4119999999998,1365.453,3.0,569
22,1,866.4119999999998,1392.453,0.0,583
22,1,904.412,1407.453,5.0,591
22,1,847.4119999999998,1378.453,0.0,582
23,1,867.905,1380.424,6.0,1028
23,1,911.905,1408.424,2.0,958
23,1,870.905,1404.424,6.0,826
23,1,908.905,1392.424,3.0,835
23,1,874.905,1367.424,1.0,856
23,1,862.905,1365.424,4.0,854
23,1,907.905,1355.424,1.0,779
23,1,867.905,1353.424,5.0,907
23,1,848.905,1403.424,6.0,696
23,1,895.905,1410.424,0.0,711
23,1,874.905,1375.424,6.0,725
23,1,845.905,1357.424,2.0,737
23,1,888.905,1360.424,4.0,738
23,1,892.905,1351.424,3.0,722
23,1,836.905,1389.424,0.0,684
23,1,884.905,1378.424,4.0,728
23,1,870.905,1373.424,5.0,751
23,1,861.905,1377.424,4.0,726
23,1,895.905,1392.424,0.0,599
23,1,864.905,1371.424,4.0,705
23,1,905.905,1410.424,5.0,706
23,1,847.905,1387.424,0.0,656
23,1,855.905,1345.424,6.0,659
23,1,874.905,1380.424,4.0,590
23,1,871.905,1350.424,5.0,711
23,1,869.905,1383.424,0.0,623
23,1,864.905,1368.424,2.0,701
23,1,849.905,1358.424,2.0,606
23,1,902.905,1408.424,1.0,587
23,1,862.905,1374.424,4.0,679
23,1,855.905,1366.424,1.0,576
23,1,922.905,1368.424,4.0,584
23,1,931.905,1343.424,4.0,574
23,1,852.905,1373.424,5.0,592
23,1,865.905,1374.424,0.0,614
23,1,883.905,1359.424,5.0,660
23,1,864.905,1378.424,1.0,594
23,1,874.905,1390.424,0.0,539
23,1,919.905,1391.424,6.0,542
23,1,854.905,1374.424,2.0,550
23,1,865.905,1372.424,0.0,601
24,1,866.14,1365.311,4.0,1024
24,1,856.14,1345.311,5.0,1023
24,1,898.14,1375.311,0.0,967
24,1,902.14,1374.311,2.0,853
24,1,875.14,1379.311,0.0,861
24,1,856.14,1400.311,6.0,739
24,1,846.14,1400.311,2.0,867
24,1,889.14,1360.311,4.0,758
24,1,846.14,1397.311,4.0,807
24,1,850.14,1380.311,4.0,793
24,1,855.14,1379.311,5.0,750
24,1,920.14,1388.311,0.0,656
24,1,851.14,1343.311,4.0,776
24,1,870.14,1363.311,4.0,712
24,1,862.14,1390.311,3.0,701
24,1,838.14,1378.311,1.0,598
24,1,865.14,1375.311,0.0,666
24,1,848.14,1388.311,0.0,620
24,1,882.14,1372.311,0.0,644
24,1,874.14,1350.311,4.0,630
24,1,891.14,1367.311,4.0,656
24,1,900.14,1405.311,5.0,641
24,1,901.14,1402.311,2.0,669
24,1,839.14,1362.311,4.0,623
24,1,922.14,1368.311,4.0,546
24,1,865.14,1368.311,2.0,616
24,1,865.14,1385.311,0.0,582
24,1,867.14,1360.311,6.0,605
24,1,904.14,1391.311,4.0,548
24,1,876.14,1374.311,5.0,606
24,1,851.14,1391.311,3.0,537
24,1,901.14,1355.311,6.0,568
24,1,879.14,1405.311,4.0,546
24,1,913.14,1406.311,4.0,554
24,1,877.14,1371.311,1.0,540
24,1,828.14,1373.311,5.0,532
24,1,874.14,1390.311,0.0,532
25,1,895.337,1410.24,0.0,986
25,1,837.337,1389.24,0.0,896
25,1,866.337,1349.24,5.0,1023
25,1,862.337,1365.24,4.0,899
25,1,874.337,1375.24,6.0,889
25,1,870.337,1365.24,3.0,834
25,1,859.337,1384.24,3.0,813
25,1,846.337,1400.24,2.0,812
25,1,892.337,1351.24,3.0,706
25,1,882.337,1376.24,5.0,823
25,1,853.337,1372.24,4.0,717
25,1,865.337,1378.24,1.0,836
25,1,833.337,1378.24,2.0,766
25,1,896.337,1346.24,4.0,696
25,1,901.337,1405.24,4.0,694
25,1,862.337,1377.24,4.0,695
25,1,848.337,1387.24,0.0,688
25,1,881.337,1370.24,3.0,608
25,1,851.337,1383.24,5.0,726
25,1,870.337,1358.24,6.0,615
25,1,923.337,1338.24,0.0,617
25,1,899.337,1343.24,2.0,616
25,1,871.337,1383.24,0.0,549
25,1,862.337,1347.24,6.0,642
25,1,872.337,1369.24,0.0,613
25,1,876.337,1360.24,6.0,638
25,1,898.337,1383.24,3.0,564
25,1,852.337,1391.24,0.0,626
25,1,858.337,1391.24,2.0,642
25,1,893.337,1379.24,1.0,562
25,1,870.337,1376.24,3.0,592
25,1,854.337,1411.24,1.0,603
25,1,852.337,1401.24,0.0,583
25,1,891.337,1346.24,0.0,626
25,1,870.337,1373.24,6.0,634
25,1,919.337,1391.24,6.0,564
25,1,911.337,1408.24,2.0,585
25,1,856.337,1366.24,0.0,558
25,1,887.337,1360.24,0.0,541
25,1,875.337,1380.24,4.0,545
25,1,848.337,1378.24,0.0,578
25,1,877.337,1352.24,4.0,543
25,1,854.337,1374.24,1.0,539
25,1,884.337,1359.24,6.0,553
25,1,884.337,1359.24,0.0,535
25,1,855.337,1358.24,4.0,535
26,1,853.77,1367.111,0.0,1629
26,1,846.77,1398.111,3.0,1559
26,1,856.77,1386.111,1.0,1642
26,1,846.77,1402.111,0.0,1373
26,1,859.77,1375.111,4.0,1330
26,1,875.77,1377.111,6.0,1221
26,1,848.77,1354.111,1.0,1217
26,1,917.77,1361.111,0.0,1271
26,1,867.77,1367.111,4.0,1242
26,1,861.77,1367.111,0.0,1119
26,1,887.77,1377.111,0.0,1069
26,1,900.77,1410.111,0.0,1218
26,1,858.77,1391.111,3.0,1216
26,1,842.77,1390.111,0.0,1155
26,1,909.77,1394.111,5.0,1172
26,1,872.77,1375.111,3.0,1205
26,1,931.77,1344.111,4.0,1129
26,1,852.77,1361.111,1.0,1097
26,1,848.77,1394.111,4.0,1221
26,1,883.77,1367.111,4.0,1048
26,1,862.77,1383.111,0.0,1187
26,1,865.77,1393.111,0.0,1107
26,1,861.77,1385.111,0.0,1200
26,1,895.77,1361.111,1.0,1043
26,1,875.77,1357.111,6.0,1054
26,1,832.77,1376.111,0.0,1034
26,1,924.77,1349.111,6.0,1024
26,1,922.77,1368.111,1.0,991
26,1,894.77,1406.111,0.0,1002
26,1,915.77,1405.111,4.0,939
26,1,860.77,1407.111,1.0,969
26,1,845.77,1389.111,6.0,950
26,1,839.77,1371.111,0.0,880
26,1,859.77,1379.111,2.0,1001
26,1,880.77,1359.111,1.0,983
26,1,866.77,1380.111,0.0,903
26,1,848.77,1349.111,6.0,852
26,1,837.77,1389.111,0.0,1040
26,1,904.77,1415.111,3.0,948
26,1,857.77,1366.111,6.0,883
26,1,860.77,1362.111,6.0,913
26,1,912.77,1409.111,3.0,838
26,1,858.77,1398.111,6.0,828
26,1,917.77,1387.111,6.0,792
26,1,911.77,1356.111,0.0,890
26,1,885.77,1397.111,5.0,872
26,1,840.77,1365.111,0.0,802
26,1,864.77,1365.111,3.0,952
26,1,875.77,1366.111,0.0,859
26,1,877.77,1375.111,0.0,855
26,1,857.77,1396.111,0.0,909
26,1,914.77,1389.111,4.0,796
26,1,921.77,1345.111,0.0,852
26,1,853.77,1374.111,0.0,858
26,1,870.77,1368.111,0.0,870
26,1,847.77,1388.111,0.0,876
26,1,889.77,1413.111,6.0,813
26,1,880.77,1366.111,2.0,796
26,1,887.77,1375.111,5.0,825
26,1,874.77,1361.111,0.0,835
26,1,871.77,1370.111,5.0,847
26,1,849.77,1387.111,6.0,886
26,1,869.77,1354.111,6.0,781
26,1,849.77,1391.111,6.0,866
26,1,875.77,1355.111,3.0,822
26,1,877.77,1370.111,0.0,779
26,1,869.77,1390.111,1.0,818
26,1,901.77,1415.111,5.0,841
26,1,910.77,1356.111,3.0,779
26,1,837.77,1389.111,4.0,837
26,1,855.77,1378.111,3.0,809
26,1,924.77,1355.111,0.0,784
26,1,929.77,1349.111,1.0,775
26,1,899.77,1399.111,6.0,783
27,1,874.908,1367.941,1.0,948
27,1,848.908,1390.941,2.0,1114
27,1,852.908,1379.941,1.0,935
27,1,886.908,1415.941,2.0,832
27,1,917.908,1403.941,1.0,809
27,1,905.908,1408.941,0.0,763
27,1,896.908,1356.941,4.0,797
27,1,879.908,1360.941,6.0,758
27,1,843.908,1379.941,5.0,765
28,1,870.2760000000002,1404.5479999999998,6.0,1206
28,1,910.276,1392.5479999999998,3.0,1189
28,1,850.2760000000002,1378.5479999999998,3.0,1200
28,1,846.2760000000002,1384.5479999999998,2.0,1080
28,1,908.276,1354.5479999999998,1.0,959
28,1,860.2760000000002,1388.5479999999998,0.0,989
28,1,844.2760000000002,1350.5479999999998,4.0,893
28,1,870.2760000000002,1354.5479999999998,6.0,887
28,1,874.2760000000002,1350.5479999999998,6.0,906
28,1,834.2760000000002,1384.5479999999998,0.0,808
28,1,865.2760000000002,1383.5479999999998,6.0,837
28,1,865.2760000000002,1370.5479999999998,5.0,908
28,1,850.2760000000002,1355.5479999999998,6.0,745
28,1,858.2760000000002,1412.5479999999998,2.0,842
28,1,916.276,1377.5479999999998,6.0,754
28,1,875.2760000000002,1376.5479999999998,0.0,819
28,1,858.2760000000002,1401.5479999999998,0.0,833
28,1,872.2760000000002,1371.5479999999998,6.0,775
28,1,862.2760000000002,1377.5479999999998,4.0,740
28,1,851.2760000000002,1380.5479999999998,5.0,971
28,1,858.2760000000002,1377.5479999999998,3.0,817
28,1,863.2760000000002,1366.5479999999998,3.0,809
28,1,898.2760000000002,1399.5479999999998,2.0,879
28,1,853.2760000000002,1393.5479999999998,0.0,790
28,1,890.2760000000002,1349.5479999999998,6.0,772
28,1,908.276,1383.5479999999998,6.0,787
28,1,852.2760000000002,1392.5479999999998,3.0,777
28,1,865.2760000000002,1351.5479999999998,4.0,779
28,1,866.2760000000002,1350.5479999999998,2.0,751
28,1,900.2760000000002,1405.5479999999998,4.0,778
28,1,903.276,1404.5479999999998,0.0,751
28,1,858.2760000000002,1383.5479999999998,0.0,740
28,1,845.2760000000002,1378.5479999999998,6.0,812
28,1,898.2760000000002,1405.5479999999998,0.0,751
29,1,861.378,1411.99,3.0,1232
29,1,888.378,1365.99,4.0,1188
29,1,878.378,1367.99,0.0,1162
29,1,873.378,1418.99,1.0,1104
29,1,903.378,1409.99,0.0,1058
29,1,899.378,1404.99,5.0,1197
29,1,847.378,1394.99,5.0,1154
29,1,881.378,1357.99,1.0,1128
29,1,882.378,1418.99,0.0,1053
29,1,856.378,1407.99,6.0,1076
29,1,849.378,1356.99,0.0,983
29,1,871.378,1382.99,4.0,989
29,1,848.378,1402.99,6.0,991
29,1,868.378,1352.99,5.0,1020
29,1,879.378,1378.99,1.0,985
29,1,866.378,1381.99,4.0,833
29,1,909.378,1407.99,0.0,894
29,1,844.378,1351.99,3.0,904
29,1,876.378,1376.99,3.0,886
29,1,856.378,1397.99,6.0,803
29,1,848.378,1387.99,0.0,969
29,1,892.378,1402.99,0.0,893
29,1,874.378,1412.99,1.0,883
29,1,857.378,1370.99,6.0,817
29,1,848.378,1387.99,4.0,911
29,1,875.378,1373.99,0.0,876
29,1,883.378,1373.99,2.0,747
29,1,852.378,1409.99,6.0,822
29,1,857.378,1376.99,3.0,790
29,1,850.378,1375.99,3.0,810
29,1,913.378,1352.99,6.0,746
29,1,857.378,1367.99,0.0,819
29,1,912.378,1406.99,2.0,820
29,1,911.378,1392.99,6.0,737
29,1,900.378,1353.99,5.0,769
29,1,900.378,1353.99,0.0,785
29,1,883.378,1357.99,5.0,821
29,1,847.378,1378.99,1.0,756
30,1,844.181,1390.081,6.0,957
30,1,857.181,1396.081,6.0,935
30,1,869.181,1377.081,5.0,959
30,1,859.181,1389.081,2.0,842
30,1,885.181,1376.081,2.0,789
30,1,902.181,1404.081,6.0,891
30,1,925.181,1355.081,6.0,640
30,1,858.181,1375.081,0.0,832
30,1,862.181,1390.081,1.0,837
30,1,859.181,1374.081,6.0,732
30,1,884.181,1350.081,6.0,800
30,1,883.181,1369.081,0.0,685
30,1,867.181,1382.081,6.0,723
30,1,848.181,1387.081,0.0,705
30,1,865.181,1362.081,5.0,816
30,1,846.181,1398.081,2.0,690
30,1,897.181,1345.081,6.0,751
30,1,875.181,1359.081,6.0,746
30,1,894.181,1396.081,0.0,611
30,1,900.181,1397.081,6.0,619
30,1,858.181,1348.081,6.0,650
30,1,897.181,1356.081,6.0,661
30,1,863.181,1403.081,0.0,572
30,1,863.181,1364.081,4.0,699
30,1,882.181,1357.081,6.0,601
30,1,908.181,1395.081,6.0,589
30,1,895.181,1392.081,0.0,575
30,1,857.181,1370.081,0.0,671
30,1,850.181,1382.081,6.0,620
30,1,850.181,1349.081,6.0,613
30,1,847.181,1377.081,6.0,713
30,1,871.181,1352.081,6.0,586
30,1,865.181,1355.081,6.0,697
30,1,870.181,1358.081,6.0,614
30,1,871.181,1397.081,6.0,617
30,1,908.181,1383.081,6.0,576
30,1,832.181,1374.081,6.0,664
30,1,844.181,1380.081,6.0,645
30,1,907.181,1358.081,6.0,599
30,1,911.181,1351.081,6.0,631
30,1,834.181,1381.081,6.0,701
30,1,850.181,1407.081,6.0,636
30,1,876.181,1395.081,6.0,614
30,1,882.181,1363.081,6.0,652
30,1,882.181,1407.081,6.0,655
30,1,849.181,1395.081,6.0,600
30,1,838.181,1388.081,6.0,686
30,1,922.181,1345.081,6.0,632
30,1,837.181,1384.081,6.0,589
30,1,852.181,1367.081,6.0,622
30,1,882.181,1377.081,3.0,697
30,1,885.181,1354.081,1.0,570
30,1,866.181,1397.081,6.0,630
30,1,871.181,1406.081,6.0,626
30,1,888.181,1411.081,6.0,577
30,1,879.181,1366.081,3.0,599
30,1,879.181,1377.081,3.0,638
30,1,870.181,1389.081,6.0,636
30,1,866.181,1390.081,6.0,608
30,1,884.181,1393.081,6.0,575
30,1,841.181,1382.081,6.0,600
30,1,836.181,1376.081,6.0,573
30,1,903.181,1383.081,6.0,579
30,1,903.181,1417.081,6.0,572
30,1,889.181,1368.081,6.0,585
30,1,855.181,1402.081,6.0,587
30,1,869.181,1365.081,6.0,608
30,1,872.181,1388.081,3.0,574
30,1,876.181,1374.081,6.0,579
30,1,827.181,1372.081,6.0,586
30,1,866.181,1373.081,6.0,592
30,1,847.181,1356.081,6.0,570
30,1,864.181,1377.081,6.0,583
30,1,881.181,1378.081,6.0,600
31,1,883.248,1357.85,1.0,1390
31,1,861.248,1378.85,3.0,1264
31,1,868.248,1379.85,6.0,1124
31,1,885.248,1364.85,3.0,1064
31,1,862.248,1363.85,1.0,957
31,1,860.248,1392.85,1.0,955
31,1,839.248,1369.85,0.0,932
31,1,878.248,1370.85,0.0,950
31,1,876.248,1374.85,0.0,958
31,1,834.248,1385.85,0.0,784
31,1,854.248,1380.85,5.0,903
31,1,900.248,1410.85,2.0,798
31,1,846.248,1357.85,2.0,768
31,1,878.248,1359.85,2.0,851
31,1,864.248,1382.85,6.0,761
31,1,849.248,1401.85,3.0,716
31,1,830.248,1371.85,0.0,712
31,1,888.248,1360.85,2.0,820
31,1,857.248,1379.85,3.0,818
31,1,920.248,1355.85,1.0,708
31,1,864.248,1354.85,4.0,690
31,1,870.248,1352.85,6.0,683
31,1,853.248,1373.85,4.0,638
31,1,900.248,1404.85,5.0,788
31,1,908.248,1415.85,0.0,648
31,1,848.248,1387.85,0.0,718
31,1,864.248,1368.85,2.0,707
31,1,919.248,1384.85,2.0,713
31,1,829.248,1383.85,4.0,656
31,1,924.248,1368.85,3.0,636
31,1,871.248,1395.85,0.0,631
31,1,844.248,1400.85,4.0,724
31,1,884.248,1388.85,0.0,607
31,1,863.248,1349.85,6.0,596
31,1,861.248,1366.85,4.0,629
31,1,848.248,1347.85,5.0,665
31,1,896.248,1347.85,5.0,605
31,1,874.248,1389.85,6.0,620
31,1,866.248,1390.85,0.0,625
31,1,844.248,1397.85,3.0,581
31,1,892.248,1351.85,5.0,554
31,1,850.248,1394.85,2.0,554
31,1,931.248,1348.85,5.0,557
31,1,876.248,1362.85,4.0,553
